Epoch	AverageEpRet	StdEpRet	MaxEpRet	MinEpRet	AverageEpCost	StdEpCost	MaxEpCost	MinEpCost	EpLen	CumulativeCost	CostRate	AverageVVals	StdVVals	MaxVVals	MinVVals	AverageCostVVals	StdCostVVals	MaxCostVVals	MinCostVVals	LossPi	DeltaLossPi	LossMu	DeltaLossMu	AverageViolation	StdViolation	MaxViolation	MinViolation	AverageMultiplier	StdMultiplier	MaxMultiplier	MinMultiplier	LossV	DeltaLossV	LossVC	DeltaLossVC	Penalty	DeltaPenalty	StopIter	Entropy	KL	TotalEnvInteracts	Time
0	-0.9083096	0.5363425	-0.038525727	-1.9893771	2.6884685	4.1408086	11.812811	0.0	1000.0	21.507748	0.0026884684562683107	0.63912123	0.50427103	1.5652326	-0.3988673	0.3239312	0.5116791	1.0579605	-1.0311346	-0.12159095	0.03850635	0.06938846	-0.027514096	-0.09766121	0.012913043	0.05796051	-0.1	0.71071106	0.58840215	2.7622435	0.14772329	0.995349	-0.7445298	0.839808	-0.35596046	-0.121590964	0.0479889	79.0	1.837877	0.005557284	8000	28.12180995941162
1	-0.66240686	1.215046	0.9212758	-2.3602538	4.7263155	5.5185366	18.097809	0.0	1000.0	59.318268	0.0037073917388916015	-0.01672454	0.09863431	0.3216934	-0.4582511	0.3528291	0.13881415	0.97073406	-0.062457167	-0.004265626	-0.014927578	0.043339252	-0.016981278	-0.09999062	0.0007921381	-0.02926594	-0.1	0.43341762	0.44752452	2.271148	0.098991	0.19124457	-0.090901054	1.2115991	-0.28097343	-0.004265602	0.0008349519	79.0	1.8395687	0.0060450085	16000	57.66907715797424
2	-0.8119229	0.7022932	0.063362	-1.8898737	7.792839	7.5579863	21.469067	0.0	1000.0	121.66098	0.005069207509358724	-0.063897595	0.21592295	0.5975896	-0.6731454	0.6019309	0.3999846	1.8643963	-0.30458447	0.005131477	-0.019567855	0.014547226	-0.0042745564	-0.041772634	0.13927707	0.86439633	-0.1	0.2721565	0.31083277	1.7555975	0.066969715	0.1827323	-0.059910193	1.556653	-0.47426462	0.0051314766	-0.0021318465	79.0	1.8228698	0.0076917517	24000	88.23715233802795
3	-0.4202382	0.94531435	1.1444335	-1.5063819	7.2514067	7.980748	21.618025	0.0	1000.0	179.67224	0.005614757537841797	-0.014971735	0.28905657	0.95696664	-0.820838	0.6635691	0.55109376	2.9949992	-0.5768267	0.002061248	-0.017952615	-0.005205242	-0.0007063737	0.038686942	0.2944588	1.9949992	-0.1	0.1972905	0.22161394	1.4301137	0.05459068	0.118238054	-0.03265422	1.0616711	-0.40225136	0.0020612597	-0.00047482015	79.0	1.8231738	0.0077620572	32000	117.72142553329468
4	-0.15294167	0.5826217	1.1712039	-0.8199168	7.6528463	9.944126	31.66271	0.0	1000.0	240.895	0.006022375106811523	-0.01241243	0.37061816	0.9361371	-1.028541	0.98233587	0.97074413	4.327768	-0.9861598	0.0039092298	-0.014643706	-0.06738061	-0.12035608	0.3382442	0.66080105	3.3277678	-0.1	0.20464902	0.2060545	1.2958344	0.06506214	0.13982068	-0.04656426	1.2777909	-0.37326932	0.003909225	0.0020634364	79.0	1.7875047	0.007371764	40000	147.62787890434265
5	-0.36045772	1.3875606	1.8080093	-2.328437	6.2640424	8.427635	22.152718	0.0	1000.0	291.00735	0.006062653223673503	0.008161057	0.25204214	0.44798785	-1.0768956	0.36349922	1.0537658	4.4755154	-1.6873366	-0.010261378	-0.021406561	-0.08527923	-0.12043001	0.14621942	0.5576691	3.4755154	-0.1	0.5289551	0.354039	2.006154	0.18046468	0.1311507	-0.041017115	0.9079852	-0.34551752	-0.010261385	-0.007276321	79.0	1.7820209	0.009901384	48000	176.87825775146484
6	-0.20993584	0.8376031	0.98898727	-1.3678182	12.827249	9.551429	32.55295	0.0	1000.0	393.62534	0.0070290238516671315	0.0026598878	0.3203782	0.710018	-1.1884886	1.311613	1.266873	5.9235935	-1.0812801	0.021308022	-0.03236708	-0.8352124	-0.53720266	0.6170651	0.9935935	4.9235935	-0.1	1.3275058	0.5075949	2.7418683	0.40871486	0.08441732	-0.029364172	2.5427837	-0.8966224	0.021308046	-0.026409507	39.0	1.7533369	0.012407499	56000	204.40432381629944
7	0.4380845	1.103521	2.6699126	-1.1190125	6.992362	9.073547	29.123121	0.0	1000.0	449.5642	0.007024440765380859	-0.01433893	0.34203085	0.7927977	-1.3468024	0.64828026	1.5424402	8.6494255	-2.0918126	-0.009555977	-0.0097732525	-0.8427522	-0.052521825	0.37191632	1.1027539	7.6494255	-0.1	2.1787133	0.55328494	3.3288915	0.74767643	0.07346251	-0.020732366	1.6356071	-0.6204901	-0.00955599	-0.00830297	3.0	1.7403567	0.00478531	64000	230.71283292770386
8	-0.18230063	0.83908856	1.0374652	-1.2748836	7.9392233	4.425651	14.219765	0.0	1000.0	513.078	0.007126083374023437	-0.027516672	0.26568127	0.54248756	-0.99226296	1.226204	1.1985162	6.7600822	-0.7445624	0.00896155	-0.024869554	-1.2592349	-0.22255671	0.53280073	0.9334596	5.7600822	-0.1	2.3208115	0.5531676	3.4828808	0.7601496	0.08948807	-0.033641003	1.8800997	-0.8182149	0.008961564	-0.023434367	17.0	1.739279	0.010854656	72000	257.96718645095825
9	0.22692129	0.60001767	0.9486188	-0.74695003	4.9638104	4.9216056	11.461907	0.0	1000.0	552.7885	0.006909856414794922	0.03239086	0.3301245	0.81694704	-0.9913826	0.46061853	0.6648784	5.628829	-0.96736	-0.009139435	-0.033700943	-0.07163252	-0.013538241	0.023721954	0.34151825	4.628829	-0.1	2.7347808	0.5651009	3.8953881	0.951727	0.05932235	-0.025435418	0.7152808	-0.15674186	-0.009139423	-0.028635036	45.0	1.7198865	0.012288834	80000	285.6269552707672
10	0.778381	1.0348428	3.2599657	-0.21795556	5.6808248	9.256756	28.169788	0.0	1000.0	598.2351	0.006798126220703125	0.08484303	0.2576924	0.71413577	-0.73032916	0.47853687	0.56271964	2.9879878	-0.63118917	0.008816221	-0.029973008	0.01345963	0.00016963482	-0.005194862	0.27210245	1.9879878	-0.1	3.3018878	0.56746966	4.4377403	1.3242005	0.069020554	-0.027627267	2.2386131	-0.82320714	0.008816219	-0.025985125	22.0	1.7013032	0.012371886	88000	312.15686678886414
11	0.29304415	1.1212014	1.6235945	-1.9878342	2.2255085	3.2436287	8.852293	0.0	1000.0	616.0392	0.006417074839274089	0.048086148	0.22002539	0.50478387	-0.7017979	0.4747145	0.66448545	4.2623277	-1.1044346	-0.030791905	-0.026883878	-0.086696014	-0.001527831	0.0213958	0.3397441	3.2623277	-0.1	3.3949668	0.57119673	4.542436	1.3879365	0.07852095	-0.013760209	0.59097743	-0.28096566	-0.030791903	-0.025232116	24.0	1.6875949	0.012440698	96000	339.3214511871338
12	-0.04854551	0.43515447	0.60104585	-0.8352248	2.7147021	5.3512173	15.968291	0.0	1000.0	637.7568	0.006132276681753306	-0.025074968	0.21116176	0.4374277	-0.59656876	0.1725206	0.3614881	2.6729639	-0.5845051	-0.005113082	-0.0036948705	0.28828704	0.00024563074	-0.08461339	0.09897651	1.6729639	-0.1	3.4225972	0.5728501	4.5371647	1.4228013	0.04638549	-0.013459608	0.98296744	-0.12919348	-0.005113054	-0.0050251503	2.0	1.6689749	0.012346036	104000	366.3519468307495
13	0.18743716	0.6533666	1.7450972	-0.5485976	1.6078045	3.245704	9.966069	0.0	1000.0	650.6192	0.005809100014822824	0.055221923	0.19196793	0.50152415	-0.68473285	0.2519372	0.41287938	3.2158306	-0.6465725	-0.0011632439	-0.0053137373	0.24377137	6.823242e-05	-0.07294624	0.14996807	2.2158306	-0.1	3.3928092	0.5880412	4.5514717	1.394358	0.040551662	-0.008154318	0.4010528	-0.09190601	-0.0011632527	-0.003199608	3.0	1.6666641	0.008203217	112000	393.22699785232544
14	0.25878954	0.421951	0.9323666	-0.34306997	4.2317963	8.772052	27.030428	0.0	1000.0	684.4736	0.005703946431477864	0.028652988	0.26889068	0.5564657	-0.7936013	0.1958234	0.26657265	1.4902823	-0.4417392	0.009725131	-0.013878416	0.3395038	-0.0015744865	-0.098247334	0.022022625	0.4902823	-0.1	3.4503007	0.57773364	4.5761495	1.4618928	0.051906325	-0.027889822	2.1432104	-0.52462816	0.009725143	-0.012713015	11.0	1.6640452	0.010927573	120000	420.47427225112915
15	-0.010029957	0.8593264	0.8140423	-1.8433083	4.152301	9.744398	29.845583	0.0	1000.0	717.692	0.005606968879699707	-0.0015870972	0.17041717	0.4482588	-0.4844308	0.36575967	0.7807342	4.4435964	-0.768604	-0.00777295	-0.022429358	-0.19551821	-0.000725165	0.052465048	0.44938102	3.4435964	-0.1	3.425819	0.5690956	4.567117	1.5027883	0.052428246	-0.010504574	1.6855183	-0.3948908	-0.0077729435	-0.019278849	24.0	1.6598518	0.012460862	128000	447.2028868198395
16	0.14083195	1.0255291	2.2159636	-0.9381408	0.3614156	0.8519737	2.6015093	0.0	1000.0	720.5833	0.005298406713149127	0.0053288774	0.1512621	0.28450465	-0.48603383	0.41385552	0.2987703	2.169577	-0.3143272	0.01025915	-0.02055553	0.29106963	-0.022177815	-0.08421869	0.07444211	1.1695769	-0.1	3.4223235	0.5814897	4.5908995	1.3703066	0.05903259	-0.014162466	0.20572446	-0.1781492	0.010259144	-0.00629986	79.0	1.6460762	0.008694335	136000	476.38385105133057
17	0.24386239	0.8782057	1.9011493	-0.9151819	2.2529511	5.7798295	17.54098	0.0	1000.0	738.60693	0.005129214816623264	0.03238046	0.22634393	0.6881153	-0.6687552	0.08750747	0.18186545	1.0915575	-0.45618764	0.001857586	-0.026485315	0.31803876	-0.046045184	-0.09993133	0.0029682524	0.0915575	-0.1	3.1821167	0.56403905	4.337341	1.219877	0.055911247	-0.013689406	0.455032	-0.086183846	0.0018576079	-0.008634443	79.0	1.6198832	0.011474516	144000	505.14981508255005
18	0.29484248	1.1408769	2.797025	-1.1845566	1.9267664	2.8205078	7.3438826	0.0	1000.0	754.02106	0.004960664849532278	0.03703705	0.15419209	0.3963936	-0.50640535	0.23948385	0.3558183	3.2628121	-0.47841004	-0.00024739024	-0.02397848	0.23267435	-0.03667614	-0.08725718	0.12900461	2.2628121	-0.1	2.7055635	0.5595374	3.8802128	1.0622241	0.046867277	-0.014733557	0.456781	-0.07640785	-0.00024738954	-0.0093315635	79.0	1.6048251	0.010107964	152000	533.9080212116241
19	0.31198132	0.5721037	1.1902608	-0.45850205	4.1024504	5.625022	16.966671	0.0	1000.0	786.84064	0.004917753982543945	0.029622162	0.2426066	0.59446675	-0.7529028	0.19915408	0.16500956	1.2758859	-0.21159081	-0.0066961967	-0.02851382	0.22976688	-0.040710643	-0.09964981	0.008072805	0.27588594	-0.1	2.3076458	0.56090516	3.4799855	0.7660712	0.06305634	-0.026976388	0.9240117	-0.26663733	-0.006696167	-0.014928235	79.0	1.5958874	0.0116499625	160000	563.4083302021027
20	-0.2635139	1.2709916	1.3408519	-2.4486105	2.3087583	3.4407122	10.099246	0.0	1000.0	805.3107	0.0047935162498837424	0.03545408	0.19345795	0.6556696	-0.42961028	0.25378123	0.44474313	6.0789113	-0.38217965	-0.0039977888	-0.02200054	0.116935536	-0.018501274	-0.064245276	0.2195958	5.0789113	-0.1	1.8945333	0.5364055	3.094259	0.5974673	0.085485004	-0.04526719	0.29763213	-0.05141397	-0.0039977967	-0.0042370665	79.0	1.559504	0.010234415	168000	591.3058125972748
21	0.9549413	1.3030294	4.1666355	-0.4034549	3.033356	2.489606	7.291307	0.0	1000.0	829.5776	0.0047135089527476914	0.047695473	0.17032027	0.45339382	-0.49218926	0.4431167	0.42958498	2.9635127	-0.12535962	-0.008436178	-0.020359218	0.06525583	-0.008201543	-0.04462929	0.19769327	1.9635127	-0.1	1.6071943	0.52838117	2.932227	0.48376554	0.08098638	-0.04423486	0.45462158	-0.09257972	-0.008436176	-0.0046267593	79.0	1.5490141	0.00916391	176000	620.2663023471832
22	-0.4801239	1.415843	2.5267038	-2.8519795	0.56729025	1.5009089	4.538322	0.0	1000.0	834.1159	0.00453323861827021	0.017744591	0.26624572	0.76262915	-0.54097074	0.050710075	0.30976167	3.0890775	-0.426459	0.0028823728	-0.023196282	0.12840544	-0.022624768	-0.091633804	0.09561157	2.0890775	-0.1	1.4014697	0.50129616	2.700698	0.4514251	0.09261872	-0.055385306	0.084226795	-0.03864198	0.0028823512	-0.0005642802	79.0	1.5300165	0.009278051	184000	649.2054629325867
23	0.0806311	1.972969	4.1823964	-2.836449	3.0940738	4.1980796	12.989616	0.0	1000.0	858.86847	0.004473273277282715	0.035397638	0.13167673	0.44461823	-0.49308038	0.17702289	0.24774854	2.1083066	-0.1712411	0.0024468042	-0.018371068	0.1093061	-0.023261204	-0.092283115	0.067589276	1.1083066	-0.1	1.1824973	0.46545795	2.5221908	0.3904247	0.09596384	-0.016259864	0.52424634	-0.19163018	0.002446804	-0.0015051134	79.0	1.5191181	0.008161123	192000	677.9853265285492
24	0.26033312	0.96241134	1.3366055	-0.90105057	5.460991	7.457096	23.392889	0.0	1000.0	902.5564	0.004512781982421875	-0.013652709	0.20794359	0.42865157	-0.64478666	0.3520559	0.525127	4.596263	-0.33726048	-0.0058906004	-0.025369044	0.028790317	-0.004491981	-0.03517537	0.28362617	3.596263	-0.1	0.9350157	0.40681094	2.2976713	0.3253186	0.06842165	-0.021420106	1.1220163	-0.4012689	-0.0058905603	-0.004944239	79.0	1.4943833	0.010940733	200000	706.7346596717834
25	0.119956404	0.8860468	1.795709	-1.454708	2.1201482	5.0715375	15.480993	0.0	1000.0	919.5176	0.004420757587139423	0.001123455	0.1638297	0.34117976	-0.542237	0.28998157	0.45695075	2.2279375	-0.61406696	0.0044264137	-0.0234366	0.044304557	-0.006005835	-0.06032726	0.14765814	1.2279375	-0.1	0.79667836	0.3644163	2.0594127	0.30342928	0.05766349	-0.022701394	0.7593908	-0.31510532	0.004426423	-0.0018284325	79.0	1.5002776	0.009491667	208000	736.031895160675
26	0.19195834	0.82509065	1.0285993	-1.5288353	7.300728	10.270553	33.18707	0.0	1000.0	977.9234	0.004527423152217158	-0.020375215	0.14764571	0.39222538	-0.508751	0.73454887	0.95527405	5.7732935	-0.90408915	-0.005671941	-0.029929452	-0.16952223	-0.08142674	0.21695387	0.62666947	4.7732935	-0.1	0.71510345	0.3368856	2.0354226	0.2829947	0.047757577	-0.008729212	3.4157722	-1.1240685	-0.0056719324	-0.012336803	79.0	1.4626309	0.010921884	216000	764.9902255535126
27	0.38713515	0.6994028	1.5483183	-0.56019044	5.102211	10.078643	30.10515	0.0	1000.0	1018.7411	0.004547951289585658	-0.041027628	0.14099625	0.32135034	-0.39053008	0.32646674	0.6604624	4.097923	-0.9590963	0.0059486995	-0.030213347	-0.0028369213	-0.0020063766	-0.0007738533	0.29774433	3.0979228	-0.1	1.0491972	0.39394146	2.3164814	0.37017396	0.04143271	-0.020190198	1.8606166	-0.860958	0.0059486874	-0.01246842	51.0	1.4690704	0.012400906	224000	792.382819890976
28	0.41352984	1.0226487	1.5084573	-1.2722877	7.961247	15.066636	46.58408	0.0	1000.0	1082.431	0.00466565099255792	0.038788814	0.14027886	0.489255	-0.3248405	0.7154455	0.96221495	5.831372	-0.6449182	-0.0047387886	-0.02409202	-0.23659664	-0.035247475	0.18394426	0.6772415	4.831372	-0.1	1.1991869	0.4187533	2.3733068	0.42105982	0.04675097	-0.0152407065	3.7132146	-1.214262	-0.0047387704	-0.0128240865	35.0	1.425976	0.012245846	232000	819.4462740421295
29	0.8776604	1.0627435	2.2446203	-0.7048836	13.554305	19.249578	56.462048	0.0	1000.0	1190.8655	0.0049619394938151045	0.007932468	0.17887375	0.4955721	-0.42811298	0.5883822	0.7717187	5.9642487	-0.96326405	0.024868207	-0.02151153	-0.09605287	-0.0072352886	0.067305155	0.48101604	4.9642487	-0.1	1.3740127	0.45244783	2.582632	0.4709742	0.05370413	-0.023788719	12.194604	-7.672188	0.024868231	-0.02295294	13.0	1.4241545	0.013785315	240000	845.6053864955902
30	0.045691818	1.2158399	1.9379132	-1.4341369	5.998406	15.870291	47.987247	0.0	1000.0	1238.8528	0.004995374125819053	0.07875143	0.17444742	0.5850918	-0.39335343	1.3596424	1.345516	7.6861258	-0.8808694	0.018388702	-0.017113449	-0.9645315	-0.16200727	0.6572207	1.094009	6.6861258	-0.1	1.4577883	0.47315964	2.5995479	0.5301001	0.08060803	-0.030855183	5.765256	-4.315564	0.018388696	-0.013328837	17.0	1.4207113	0.013795426	248000	872.7271564006805
31	0.79902184	0.6752066	2.014644	-0.19232666	0.6214882	0.73492616	2.1952248	0.0	1000.0	1243.8247	0.0048586902618408204	0.031250175	0.09972535	0.3843439	-0.22452648	0.90509737	2.0993943	8.442893	-2.0810835	-0.024383174	-0.0072174836	-1.2577206	-0.08744192	0.70777845	1.5842181	7.442893	-0.1	1.7331358	0.4897331	2.887416	0.61481744	0.0369413	-0.0108422525	3.9571192	-3.4803283	-0.024383167	-0.0059009474	3.0	1.4047832	0.007837311	256000	899.3480787277222
32	0.39112508	1.1232731	2.1272905	-1.1594354	4.971819	6.5455594	15.628715	0.0	1000.0	1283.5992	0.004862118345318418	0.05574309	0.12370858	0.38110635	-0.23607716	0.28209633	0.2888935	2.4242923	-0.7097097	-0.008273067	-0.031354956	0.17303595	0.03176312	-0.09383237	0.054022256	1.4242923	-0.1	1.8329514	0.5023392	2.9517832	0.6509367	0.05121659	-0.02298007	1.4660336	-0.31477702	-0.00827311	-0.017585002	48.0	1.4012253	0.012243786	264000	926.3900368213654
33	0.7976864	1.0650635	2.6068573	-0.7905463	6.2929163	10.045997	29.830997	0.0	1000.0	1333.9425	0.004904200385598576	0.06413195	0.14303747	0.59497035	-0.29281706	0.58016616	0.1963985	3.560714	-0.12394821	0.014798022	-0.006812324	0.20055136	-0.0003466457	-0.09320728	0.06739895	2.560714	-0.1	2.1507933	0.5113709	3.2304966	0.73973495	0.035102617	-0.015343472	3.96696	-0.29809833	0.014798117	-0.005373935	2.0	1.4131988	0.0099485	272000	952.5485548973083
34	0.97537315	1.3277026	2.890137	-1.7496101	17.304861	36.00199	111.22479	0.0	1000.0	1472.3815	0.005258505249023437	0.06346863	0.2004162	0.54195064	-0.44825667	0.8008174	0.48332897	5.1603637	0.093058825	-0.033908058	-0.010197893	-0.13289014	5.583465e-05	0.04343656	0.3462946	4.1603637	-0.1	2.175203	0.50742024	3.289684	0.7760795	0.042227473	-0.024122762	25.223696	-13.42765	-0.033908043	-0.011129361	2.0	1.4131243	0.007574645	280000	978.9980072975159
35	0.23396462	1.0945851	2.3731523	-1.0686878	2.6623964	3.24803	9.071469	0.0	1000.0	1493.6807	0.005186391194661458	0.13722052	0.13837723	0.570879	-0.28058496	0.85579723	2.582394	12.003347	-2.4900339	-0.011113064	-0.009402845	-1.9540246	-0.011345506	0.85288507	1.9559767	11.003347	-0.1	2.1811054	0.51963204	3.337147	0.7162343	0.06229689	-0.03895296	5.127963	-4.241495	-0.011113081	-0.014570087	2.0	1.4125721	0.014314335	288000	1005.2809948921204
36	0.40333375	0.9201926	1.5076511	-1.030031	0.69653755	1.0825127	2.8770287	0.0	1000.0	1499.2529	0.005065043681376689	-0.014239905	0.1393437	0.6533488	-0.3954631	0.52350146	0.5701203	4.6598206	-1.1135585	0.0041339034	-0.029287849	0.017671032	-0.001515286	-0.008693728	0.31429443	3.6598206	-0.1	2.2182558	0.50578046	3.3625715	0.7765955	0.03775328	-0.012393784	0.61468685	-0.4763295	0.004133902	-0.0138591435	78.0	1.4115992	0.012212149	296000	1033.9812741279602
37	0.4284437	1.1453024	2.21561	-1.3761082	0.55647385	1.0421374	3.0185134	0.0	1000.0	1503.7047	0.004946397078664679	-0.016518563	0.13618985	0.443175	-0.3771598	0.23273548	0.40512413	3.3517807	-0.5701055	-0.003343114	-0.022832617	0.1409206	-0.015817419	-0.066005185	0.16331969	2.3517807	-0.1	2.2412972	0.503542	3.3950713	0.814962	0.048921622	-0.01689979	0.24253035	-0.14529283	-0.0033430753	-0.008497373	78.0	1.3707572	0.011976785	304000	1061.4475739002228
38	1.6167859	0.7812251	2.8186905	0.38729984	3.4806676	4.79793	15.147595	0.0	1000.0	1531.55	0.004908814259064503	0.048908483	0.12598215	0.50331926	-0.16700238	0.057491947	0.15575007	1.0087208	-0.6268168	-0.0033092678	-0.023984613	0.20644972	-0.030778825	-0.09998643	0.0012154588	0.008720756	-0.1	2.0647416	0.46965307	3.0671172	0.78526497	0.043687575	-0.017758092	1.046305	-0.1747843	-0.0033092787	-0.007193445	62.0	1.3633709	0.012154286	312000	1089.8373732566833
39	0.8465681	0.8075534	2.4937832	0.024769653	1.4756641	2.0039656	5.0360775	0.0	1000.0	1543.3553	0.004822985458374024	0.15295883	0.14921875	0.61461824	-0.22241181	0.33956206	0.19638321	3.3906512	-0.08219322	-0.0022394368	-0.019680731	0.15946193	-0.034384638	-0.09284673	0.08423762	2.3906512	-0.1	1.7439361	0.47418275	2.948855	0.6007898	0.03398056	-0.016041497	0.24783334	-0.037887603	-0.0022394366	-0.0020657324	79.0	1.3248308	0.008574187	320000	1119.047791481018
40	0.7302484	1.0230802	2.239547	-0.8540542	5.12031	6.486683	19.898258	0.0	1000.0	1584.3179	0.004830237411871189	0.09543074	0.13963719	0.48176816	-0.24739434	0.13505611	0.10563768	2.092859	-0.24354087	0.00682739	-0.022693742	0.13609244	-0.030842215	-0.09964576	0.019036999	1.092859	-0.1	1.3689978	0.45585862	2.6365113	0.42471498	0.037320163	-0.008795815	1.6825969	-0.24645495	0.0068274	-0.006476238	79.0	1.3146348	0.0100009935	328000	1148.1880478858948
41	1.2274461	0.81447315	2.3241143	-0.18089825	9.530266	11.942031	39.52841	0.0	1000.0	1660.5599	0.004942142668224517	0.11315468	0.14429387	0.5181292	-0.2555855	0.56990737	0.16776522	2.9172704	0.17908268	0.015079411	-0.028900905	0.095486306	-0.021834798	-0.09385945	0.06330052	1.9172704	-0.1	1.0510128	0.4103869	2.411096	0.3563134	0.060764015	-0.019642886	5.372171	-2.1100197	0.015079374	-0.010546139	79.0	1.3040981	0.010828506	336000	1176.859479188919
42	0.6560681	0.5536211	1.819077	-0.20027053	3.3507102	5.294046	14.039743	0.0	1000.0	1687.3656	0.004905132559842842	0.04561933	0.15038873	0.5557111	-0.4688143	0.9176778	1.4344705	8.86363	-0.47320306	0.010368469	-0.030115139	-0.3715232	-0.12929517	0.40802374	1.1840788	7.8636303	-0.1	0.7971049	0.37443388	2.193923	0.27269682	0.03251651	-0.01634895	2.902039	-1.4351364	0.010368449	-0.01875402	50.0	1.25406	0.012665301	344000	1204.5972909927368
43	0.6415144	0.7040876	1.5532577	-0.33417732	3.8475423	7.33457	22.161118	0.0	1000.0	1718.146	0.004881096579811789	0.060347315	0.14161949	0.5424049	-0.4177069	0.5995106	0.4024916	5.2482853	-0.1660561	0.0019833285	-0.031758342	0.039374955	0.005540937	-0.038844727	0.25920573	4.2482853	-0.1	1.1078213	0.42676347	2.4025195	0.3539949	0.019595217	-0.008002534	1.7699783	-0.14393401	0.001983347	-0.01697068	60.0	1.2485149	0.012380464	352000	1232.7864499092102
44	1.0083233	2.6156962	4.437127	-4.264445	4.846541	4.6075025	13.019161	0.0	1000.0	1756.9183	0.004880328708224827	0.0061127646	0.21139622	0.5275759	-0.64449555	0.7160589	1.0394781	8.826881	-0.38932532	-0.027856922	-0.032075427	-0.3183839	-0.027428389	0.19095454	0.8438224	7.8268814	-0.1	1.3007234	0.42610335	2.5583904	0.45429134	0.07225281	-0.03558049	2.0747037	-0.9393008	-0.027856926	-0.025662819	26.0	1.2408501	0.012719197	360000	1258.9124882221222
45	1.2801943	1.2466289	2.793044	-0.7202747	6.972169	7.432391	20.572687	0.0	1000.0	1812.6957	0.004925803474757982	0.14231037	0.26467907	0.889752	-0.4763517	0.4121393	0.28197938	4.7173667	-0.30579114	0.0026618915	-0.021649335	0.11981012	0.004624933	-0.088714145	0.118826196	3.7173667	-0.1	1.3860465	0.41549736	2.5539865	0.48618662	0.040755793	-0.020305276	1.543693	-0.4113456	0.002661868	-0.010612168	25.0	1.2221825	0.012665825	368000	1285.9231231212616
46	0.9194062	0.6463568	1.7641251	-0.08553171	0.821931	1.0737424	2.7708254	0.0	1000.0	1819.2711	0.004838487016393783	0.062185533	0.15592219	0.5433902	-0.3101146	0.69716185	0.39346316	3.1801767	-0.13054551	-0.017286528	-0.028345961	0.02498595	-0.004151119	-0.021181786	0.21317722	2.1801767	-0.1	1.4980625	0.3989484	2.5840836	0.5721135	0.012410846	-0.0040670866	0.48393238	-0.39158657	-0.017286532	-0.008695845	79.0	1.2065973	0.0111049805	376000	1314.1579852104187
47	1.4949372	0.81896615	3.0285654	0.6991939	6.147913	7.2215104	21.819363	0.0	1000.0	1868.4545	0.004865766843159994	0.13409476	0.18503943	0.6792773	-0.34651342	0.20025903	0.29682633	3.4969	-0.32740322	0.007567985	-0.025119327	0.12441248	-0.009669259	-0.08838036	0.09602834	2.4969	-0.1	1.4425571	0.37703368	2.5400581	0.5706333	0.03546313	-0.016981255	1.8827815	-0.38409865	0.0075679827	-0.00972317	43.0	1.2076857	0.011957225	384000	1341.2592825889587
48	1.2492251	0.95559275	2.7639868	-0.1853068	6.5789824	8.707883	22.999056	0.0	1000.0	1921.0863	0.004900730366609534	-0.0083247125	0.16460188	0.6416229	-0.32710922	0.49960858	0.5887182	4.697132	-0.087660044	0.005876308	-0.00599396	-0.02103942	6.1998144e-05	0.004868042	0.38770223	3.697132	-0.1	1.2795839	0.3534419	2.311076	0.53125554	0.021948665	-0.013136265	2.6234503	-0.47830534	0.005876338	-0.0019606957	2.0	1.2238674	0.005690893	392000	1367.3530550003052
49	0.986747	0.67116517	2.1728761	-0.19610767	6.6324015	9.40806	29.84091	0.0	1000.0	1974.1455	0.00493536376953125	0.22241901	0.19295631	0.83279985	-0.29919088	0.8980956	0.6489368	4.4905624	-0.3060833	-0.01126362	-0.0328868	-0.23149136	-0.03493178	0.15154523	0.44732386	3.4905624	-0.1	1.3246031	0.36435264	2.3441758	0.5603044	0.06731375	-0.037813827	2.769186	-0.6825459	-0.011263629	-0.021330738	49.0	1.2239115	0.012059946	400000	1394.034831047058
50	1.2299353	0.8918523	2.69531	0.11935942	10.674917	9.085014	30.050303	0.040636756	1000.0	2059.545	0.005047904220281863	0.13934003	0.18707767	0.6549314	-0.4392015	1.2135637	1.0637835	6.612611	-0.52728194	-0.036620427	-0.027197275	-0.72359914	-0.15457284	0.435349	0.8829525	5.612611	-0.1	1.5329247	0.37341905	2.5799663	0.62058556	0.053935684	-0.023260765	3.179927	-0.67082715	-0.036620423	-0.021811582	21.0	1.2186251	0.013081997	408000	1420.1441340446472
51	1.8759995	1.8135707	6.072579	0.2193823	5.431962	4.3763795	13.056072	0.0	1000.0	2103.0005	0.005055289635291466	0.039465375	0.18573974	0.55122495	-0.7071917	0.81426555	0.582179	3.830641	-0.31566378	-0.0076458952	-0.02056975	-0.19905551	-0.041060373	0.09643547	0.35698313	2.830641	-0.1	1.8073276	0.39996868	3.0157688	0.7216126	0.09869695	-0.046644635	0.859433	-0.24842048	-0.0076459185	-0.013599783	27.0	1.2014878	0.013458811	416000	1446.6663193702698
52	0.45486233	0.7933351	2.0074868	-0.6929798	2.7748914	3.7473218	9.910775	0.0	1000.0	2125.1997	0.005012263459979363	0.10203411	0.15363885	0.69698834	-0.19969594	0.19183388	0.3854584	2.1713636	-0.65980995	0.003916941	-0.025025614	0.17670321	0.008961037	-0.08224123	0.09873046	1.1713636	-0.1	2.188072	0.4414188	3.4228954	0.9076883	0.040009767	-0.017321762	0.33753836	-0.0456191	0.0039169355	-0.010077165	34.0	1.174943	0.012224132	424000	1473.6286613941193
53	1.0509756	0.73828506	2.1633568	-0.5309938	9.900871	17.027853	54.02002	0.0	1000.0	2204.4067	0.005102793375651042	0.018825427	0.1385654	0.43983617	-0.60150135	0.5734372	0.646451	4.4965672	-0.70432967	-0.004106774	-0.00803926	-0.105744325	-2.065301e-05	0.03909143	0.32909206	3.4965672	-0.1	2.313886	0.4445413	3.583628	0.99465156	0.03750357	-0.026838273	5.040419	-3.698104	-0.0041067856	-0.0051742108	2.0	1.1834569	0.00607409	432000	1499.7975351810455
54	2.2916672	2.0537791	7.020652	0.5135711	6.730107	5.846579	15.904309	0.0	1000.0	2258.2476	0.005132380814985796	0.14261016	0.18212634	0.7906676	-0.41667318	1.1078185	1.2610296	6.4899845	-1.0300531	-0.011134657	-0.0165747	-1.1586161	-0.06136346	0.4760292	0.9814177	5.4899845	-0.1	2.329007	0.44952223	3.5726464	1.0276067	0.084458955	-0.03992023	1.9891423	-0.9903164	-0.01113465	-0.014935342	14.0	1.1847353	0.011899765	440000	1526.285974264145
55	0.47452193	1.1294429	2.4260952	-1.5012325	15.061134	29.474865	91.8007	0.0	1000.0	2378.7366	0.0053096798488071984	0.1315747	0.19857693	0.746911	-0.42933336	0.42468968	1.128982	6.2375345	-1.0036901	0.00928891	-0.022784762	-0.46767366	-0.03567797	0.17419559	0.7906283	5.2375345	-0.1	2.3754559	0.46022612	3.7843618	1.0640554	0.054912794	-0.0359889	9.240732	-7.387831	0.009288921	-0.022477573	12.0	1.1835173	0.015209616	448000	1554.051067352295
56	1.2080964	1.001015	3.204232	-0.09546198	17.035614	27.326933	87.47796	0.0	1000.0	2515.0215	0.005515397992050438	0.042369753	0.15973982	0.5839446	-0.43755043	1.61944	1.8245606	9.670177	-0.3721863	0.0030587665	-0.013775937	-2.3810296	-0.04458928	0.8565124	1.6653055	8.670177	-0.1	2.6134908	0.47156447	4.0354276	1.2054859	0.045829978	-0.030487087	10.368812	-6.278489	0.0030587602	-0.029121961	2.0	1.1725477	0.027201876	456000	1580.8659386634827
57	0.98824304	0.9646233	2.236724	-0.68556696	11.282674	13.362625	41.453457	0.0	1000.0	2605.283	0.005614833963328394	0.18817958	0.21914165	0.83378696	-0.42548153	1.1450707	1.3802348	8.63877	-0.8758872	-0.008160801	-0.0047835996	-1.4200239	-0.0293684	0.5053089	1.134418	7.63877	-0.1	2.666619	0.48100063	4.0817914	1.2431484	0.050007842	-0.032025687	4.230999	-1.4537354	-0.008160769	-0.010008224	2.0	1.1698375	0.014491273	464000	1608.0574979782104
58	1.4628301	1.233507	3.135365	-1.137688	4.0313215	3.5308099	10.104863	0.0	1000.0	2637.5334	0.005587994591664459	0.1589135	0.1930136	0.7972571	-0.2155355	1.3054006	1.2391915	8.62475	-0.26982749	0.009267611	-0.007926621	-1.3667775	-0.029254675	0.48740932	1.1236204	7.62475	-0.1	2.7161243	0.4745125	4.0548735	1.1682398	0.055668794	-0.022612564	1.9017619	-1.3716908	0.009267629	-0.007552415	2.0	1.1672019	0.0067868982	472000	1635.5457854270935
59	1.0864272	1.2538896	3.859364	-0.8965505	2.0717366	1.8962584	5.03137	0.0	1000.0	2654.1074	0.005529390462239584	0.12391655	0.21635728	0.79302067	-0.34235358	0.30908173	0.39670828	4.629125	-0.4607066	-0.006248249	-0.02948161	0.19871107	0.020944893	-0.07426241	0.18879901	3.629125	-0.1	2.7084255	0.47712913	4.1624093	1.2229837	0.051607843	-0.022338763	0.3440623	-0.09073156	-0.0062482674	-0.019381888	51.0	1.1653607	0.012342072	480000	1663.4591522216797
60	0.83150643	1.0659131	2.2666345	-1.0151151	4.555418	6.207639	17.89777	0.0	1000.0	2690.5505	0.005513423231781506	0.048337404	0.21909417	0.7384073	-0.59921134	0.34692556	0.30000293	3.19837	-0.08017048	0.0006082538	-0.020962965	0.25153893	-0.0042266846	-0.082041904	0.111721456	2.19837	-0.1	3.1220798	0.489155	4.4029	1.4215007	0.033420213	-0.01708134	0.95481706	-0.25316077	0.0006082481	-0.0138395	15.0	1.158967	0.012833775	488000	1689.9953813552856
61	1.4243789	1.1659529	3.1318536	-0.31395942	3.9469526	6.297867	18.80397	0.0	1000.0	2722.1262	0.005488157703030494	0.12172421	0.27956328	0.9456096	-0.6422771	0.34703773	0.5510834	3.8138463	-0.4341056	-0.0043115257	-0.020783136	0.0686951	-0.001995176	-0.026377814	0.2802106	2.8138463	-0.1	3.0089974	0.4830158	4.4840264	1.4519348	0.050066322	-0.02563744	0.8064298	-0.17496079	-0.004311488	-0.01349635	22.0	1.1607158	0.012785471	496000	1716.3004939556122
62	1.0702583	1.4586831	3.4401479	-1.9419934	4.010189	5.993182	16.590239	0.0	1000.0	2754.2078	0.005464697943793403	0.07994838	0.24306609	0.6656628	-0.9383579	0.42883748	0.5194655	4.723329	-0.39366716	0.0016234552	-0.022349492	0.06359055	-0.0018591098	-0.027779076	0.23461507	3.723329	-0.1	2.9405954	0.50281084	4.3363595	1.3861432	0.05986937	-0.024702918	0.5508123	-0.07425609	0.0016234565	-0.014302088	26.0	1.1622173	0.012362913	504000	1740.932383775711
