Epoch	AverageEpRet	StdEpRet	MaxEpRet	MinEpRet	AverageEpCost	StdEpCost	MaxEpCost	MinEpCost	EpLen	CumulativeCost	CostRate	AverageVVals	StdVVals	MaxVVals	MinVVals	AverageCostVVals	StdCostVVals	MaxCostVVals	MinCostVVals	LossPi	DeltaLossPi	LossMu	DeltaLossMu	AverageViolation	StdViolation	MaxViolation	MinViolation	AverageMultiplier	StdMultiplier	MaxMultiplier	MinMultiplier	LossV	DeltaLossV	LossVC	DeltaLossVC	Penalty	DeltaPenalty	StopIter	Entropy	KL	TotalEnvInteracts	Time
0	-0.7609867	0.68655664	0.24286686	-1.6956167	8.625	7.4822707	20.0	0.0	1000.0	69.0	0.008625	0.6836782	0.43926018	1.4547166	-0.55640167	0.16030063	0.40019533	0.84764504	-1.0843066	-0.09048717	0.021128736	0.07136776	-0.029724479	-0.10000002	1.4901161e-08	-0.1	-0.1	0.7136776	0.50095093	3.1762047	0.16005021	0.8240912	-0.66306907	1.8477329	-0.70730364	-0.09048716	0.030754894	79.0	1.837877	0.0072989357	8000	19.201953887939453
1	-0.43037623	1.7413687	3.0012627	-2.704628	9.375	5.2186565	17.0	2.0	1000.0	144.0	0.009	0.0113523435	0.07689957	0.97293156	-0.37710473	0.82913375	0.17347954	1.7134241	-0.12975611	0.00031678542	-0.015687404	0.026959445	-0.008696018	-0.05928587	0.08632344	0.7134241	-0.1	0.4102516	0.4017208	2.896189	0.084229	0.19351822	-0.026954845	1.2120389	-0.16263998	0.0003167885	-0.0031186577	79.0	1.8105984	0.009127839	16000	38.07676601409912
2	0.113226004	0.9022843	1.2993898	-1.0490096	11.0	6.0827627	20.0	0.0	1000.0	232.0	0.009666666666666667	-0.030925628	0.09243515	0.70306444	-0.5400411	0.8430603	0.32105312	2.469465	-0.027613789	0.0067908284	-0.016898837	-0.002266675	-0.0016167683	0.005242195	0.16931167	1.469465	-0.1	0.27705738	0.32031637	3.5136285	0.06276518	0.10289412	-0.021128327	1.6082335	-0.27414322	0.006790822	-0.0057351096	79.0	1.7948513	0.008399017	24000	56.920969009399414
3	-0.7728125	0.6283809	0.010192841	-1.708597	4.625	6.817945	21.0	0.0	1000.0	269.0	0.00840625	-0.0005901391	0.1215889	0.6995674	-0.4820876	0.7538232	0.43580693	3.3254867	-0.13921912	-0.014591889	-0.013076212	-0.011285894	-0.0019582203	0.022220135	0.24278976	2.3254867	-0.1	0.23671103	0.25072432	2.851391	0.066517204	0.09144116	-0.03221478	0.48817608	-0.2153185	-0.0145918885	-0.002880131	79.0	1.7886765	0.0063156937	32000	76.1989369392395
4	-0.095960416	0.3803545	0.48745874	-0.6660946	7.5	5.17204	16.0	0.0	1000.0	329.0	0.008225	-0.071609706	0.22155342	0.50753945	-0.7529718	0.7059587	0.60924345	3.5072987	-0.37725598	0.0050149392	-0.016057588	-0.020322548	-0.012599172	0.07397093	0.30297607	2.5072987	-0.1	0.2599831	0.26933607	3.6281812	0.066221915	0.06166043	-0.017002106	0.76684934	-0.093280494	0.005014963	-0.0048531154	79.0	1.7643814	0.0060879434	40000	95.8738226890564
5	0.71113294	1.3496097	3.8028407	-0.70163125	5.5	4.84768	15.0	0.0	1000.0	373.0	0.007770833333333334	-0.008600661	0.1885538	0.8477207	-0.91643286	0.7812789	0.61989534	3.1268702	-0.286782	-0.00086786837	-0.014263243	-0.049744796	-0.079909384	0.11624864	0.34272465	2.1268702	-0.1	0.37907568	0.248112	3.736205	0.10733562	0.0938101	-0.03089232	0.44639367	-0.09047088	-0.00086785527	-0.0011574696	79.0	1.7504939	0.008560079	48000	114.54780769348145
6	-0.15718383	0.4926865	0.45352462	-0.9940673	6.125	4.8589478	17.0	0.0	1000.0	422.0	0.007535714285714285	0.019446367	0.28551313	0.6695958	-0.79465485	0.5407976	0.54968166	3.2205896	-0.52523994	0.0011323771	-0.019724336	0.00068454206	0.00019226945	-0.008817673	0.20094931	2.2205896	-0.1	1.0210999	0.2570547	3.9967837	0.33417916	0.04652851	-0.018249663	0.48929188	-0.042809367	0.0011323693	-0.006870335	79.0	1.7520586	0.008739715	56000	133.93949961662292
7	0.2925812	0.73014534	1.2556217	-0.6517663	12.75	7.8062477	27.0	2.0	1000.0	524.0	0.0081875	-0.0114793	0.22889173	0.704561	-1.0039625	0.7126716	0.50224274	3.3981066	-0.44771907	-0.008122279	-0.0290992	-0.053411815	-0.009886172	0.030844929	0.24166772	2.3981066	-0.1	1.3385385	0.30154404	4.184573	0.4281528	0.037678618	-0.0062225126	1.530927	-0.59562624	-0.008122282	-0.021580443	56.0	1.7213695	0.0121932905	64000	154.4296681880951
8	-0.10370881	0.5846796	0.9795478	-0.8392758	11.0	13.019217	41.0	0.0	1000.0	612.0	0.0085	0.055064954	0.18315397	0.6849285	-0.527057	1.0639576	1.1081997	4.211881	-0.7687643	0.014183346	-0.0043810196	-0.72025853	-0.016115367	0.4489657	0.7665756	3.2118812	-0.1	1.5527153	0.30744654	4.486032	0.5274675	0.03831063	-0.008929821	0.85371906	-0.17895222	0.014183353	-0.0024799127	2.0	1.7128124	0.002679665	72000	172.52629494667053
9	0.51670694	1.152372	2.3901787	-0.95189	12.25	12.376894	36.0	0.0	1000.0	710.0	0.008875	-0.004573143	0.3357255	1.4589251	-1.0397434	1.4872944	1.0535471	4.683179	-0.68198985	-0.00179806	-0.04063897	-1.1174812	-0.5461844	0.6811422	0.8248751	3.683179	-0.1	1.6151743	0.3210037	4.5209713	0.547784	0.0668129	-0.021496546	1.5770888	-0.43820834	-0.0017980762	-0.039764304	31.0	1.7126532	0.012811258	80000	193.17237877845764
10	0.6476743	0.938583	1.9768679	-0.866888	7.25	6.4951906	21.0	0.0	1000.0	768.0	0.008727272727272728	0.05934939	0.19298288	0.67924595	-0.6029177	0.71452284	1.1694351	4.907029	-1.6041715	-0.0102952635	-0.012197307	-0.7032174	-0.08937955	0.2932802	0.69148225	3.9070292	-0.1	2.4375827	0.3636978	4.693382	0.98936653	0.06747015	-0.017600182	0.8772391	-0.32094896	-0.010295282	-0.013893512	9.0	1.6853851	0.010759411	88000	212.91578316688538
11	-0.14759125	0.6404618	0.84209293	-1.206004	7.75	5.1173725	18.0	2.0	1000.0	830.0	0.008645833333333333	0.05502314	0.21132606	0.5861054	-0.572575	0.78921753	0.77924335	4.1870275	-0.9062314	0.029291296	-0.10053194	-0.39532557	-0.036390066	0.15153241	0.45578682	3.1870275	-0.1	2.8037543	0.40196487	4.8025646	1.3116715	0.03691527	-0.01902955	0.9103378	-0.20634198	0.029291289	-0.11169468	9.0	1.6811213	0.023531502	96000	232.82198572158813
12	1.1305364	1.6054069	3.7009206	-0.41573247	4.25	3.9607449	11.0	0.0	1000.0	864.0	0.008307692307692308	0.0048906	0.309284	0.9692628	-1.0395862	0.4487314	0.49064618	3.1648295	-0.87088925	-0.018816732	-0.005993722	0.14246239	0.00866057	-0.046361562	0.1743218	2.1648295	-0.1	3.0332332	0.4089576	4.8423223	1.4841418	0.075825304	-0.025822595	0.42988378	-0.05741033	-0.018816719	-0.006120544	9.0	1.6815631	0.012360924	104000	252.58339881896973
13	0.090346396	1.0251082	2.1917622	-1.4986045	2.625	2.2325714	7.0	0.0	1000.0	885.0	0.007901785714285714	0.05052697	0.16331711	0.7429901	-0.5565578	0.3827069	0.43142325	2.821858	-0.7605149	0.0001087408	-0.024964675	0.20577945	-0.0011035502	-0.06327162	0.15916295	1.8218579	-0.1	3.1792274	0.4348223	4.880733	1.5672889	0.033715423	-0.010455994	0.28882256	-0.056930467	0.00010872769	-0.0156558	79.0	1.6881051	0.01157027	112000	274.7231903076172
14	0.7139543	0.64562684	1.5818061	-0.19916826	5.125	4.2260356	12.0	0.0	1000.0	926.0	0.007716666666666667	0.046101436	0.22924423	0.9369996	-0.6987451	0.40054968	0.34070295	2.1472092	-0.48137584	-0.0014038096	-0.005271731	0.25875494	-0.0024110675	-0.08031974	0.09736056	1.1472092	-0.1	3.232162	0.4151879	4.97824	1.673377	0.059906907	-0.015398204	0.4607984	-0.045823485	-0.0014038115	-0.004510114	3.0	1.7164216	0.0037361751	120000	294.49606466293335
15	0.42623705	1.3000387	3.4345126	-0.8627477	3.25	3.112475	9.0	0.0	1000.0	952.0	0.0074375	0.05515763	0.19563681	0.9386996	-0.42743084	0.42095563	0.39516607	2.2649727	-0.64214087	0.00083019136	-0.0071278866	0.2481213	-0.0012204647	-0.0766517	0.11244596	1.2649727	-0.1	3.1918955	0.42013368	4.9425006	1.6334405	0.05319181	-0.016146697	0.32737702	-0.03255713	0.0008301878	-0.0008375623	2.0	1.7167397	0.0066248924	128000	314.4960124492645
16	0.32108465	1.5773208	3.2045765	-1.9089415	6.75	5.238082	14.0	0.0	1000.0	1006.0	0.007397058823529412	0.0698544	0.22053851	0.8926488	-0.61889714	0.43794146	0.4534847	2.30036	-0.6161239	0.0033760502	-0.0044896617	0.15959555	-0.0017841011	-0.049702432	0.16902266	1.30036	-0.1	3.1434493	0.46185055	4.9650555	0.7387376	0.06662291	-0.014440365	0.603188	-0.092800856	0.0033760432	-0.0029646	5.0	1.7166027	0.009235162	136000	334.7841331958771
17	1.2389729	1.9374028	5.8436885	-0.22144604	8.625	6.781178	19.0	0.0	1000.0	1075.0	0.007465277777777778	0.064659536	0.27153784	1.5598496	-0.4346048	0.65610313	0.5852	2.98999	-0.43899226	0.0011292289	-0.008453549	-0.15151893	0.0004310012	0.05143799	0.311277	1.98999	-0.1	3.0821376	0.46841976	5.1041822	0.94979674	0.04569954	-0.008414332	0.9188352	-0.1435684	0.001129224	-0.007869957	3.0	1.715642	0.0072683953	144000	354.4216718673706
18	0.6464111	1.1394798	3.3359041	-0.7332037	5.875	4.7020607	13.0	0.0	1000.0	1122.0	0.007381578947368421	0.09479489	0.35880637	1.8743213	-0.5093664	0.8384277	0.67604077	3.950453	-0.5556962	-0.005867052	-0.0076198224	-0.4301032	0.00045600533	0.13975953	0.43377155	2.950453	-0.1	3.0712163	0.46790817	4.958523	1.4799541	0.06277043	-0.026705202	0.8915926	-0.22550184	-0.005867041	-0.011482194	4.0	1.7142758	0.012660882	152000	375.08181285858154
19	1.4416807	1.5795015	3.8771539	-0.68348795	6.375	4.608077	14.0	0.0	1000.0	1173.0	0.00733125	0.13367496	0.32994524	1.5696547	-0.42146826	0.6301311	0.4043337	2.4631257	-0.35989487	0.005318719	-0.005616397	0.093089856	-0.00036672503	-0.030335993	0.17239879	1.4631257	-0.1	3.0932305	0.47761905	5.0765715	0.28605527	0.07125642	-0.020675823	0.70782244	-0.09763765	0.0053187	-0.004076177	3.0	1.7128046	0.009031807	160000	395.25170969963074
20	1.3974513	1.6551411	5.3364053	0.09306809	5.875	4.539755	15.0	0.0	1000.0	1220.0	0.007261904761904762	0.12123001	0.21319988	0.8270268	-0.19402179	0.7539398	0.47450334	2.6017773	-0.8627207	-0.013714357	-0.00263838	-0.09987596	-2.8640032e-05	0.031045578	0.24997532	1.6017773	-0.1	3.0601792	0.50335693	5.009651	0.28987613	0.064162634	-0.013602339	0.6135139	-0.124852866	-0.013714367	-0.007882579	3.0	1.7123991	0.019353298	168000	415.386435508728
21	1.2539467	1.5698603	4.315112	-0.74423295	6.125	4.884606	13.0	0.0	1000.0	1269.0	0.007210227272727273	0.113295555	0.27263415	1.474714	-0.3312501	0.6104218	0.43196526	2.335408	-1.2308655	0.010585071	-0.0296974	0.12201159	-0.00397902	-0.040649593	0.14885779	1.335408	-0.1	3.0050728	0.5389413	5.0347066	0.15193826	0.07969951	-0.02846146	0.6591919	-0.05106592	0.010585066	-0.018147571	46.0	1.7116125	0.012226513	176000	436.7168881893158
22	0.27521044	0.9595852	2.3445613	-1.0377367	9.625	7.4822707	27.0	0.0	1000.0	1346.0	0.007315217391304348	0.033109758	0.2006843	1.1706173	-0.45400438	0.53464645	0.3696747	2.6292078	-0.6826414	-0.009218724	-0.011440311	0.1618029	-0.002076134	-0.06008567	0.13361032	1.6292078	-0.1	2.8512838	0.53710127	5.0338645	0.14363432	0.06481422	-0.01798477	1.6379251	-0.48199844	-0.009218739	-0.013006451	9.0	1.6771266	0.01614935	184000	457.68142318725586
23	0.3630902	1.1218202	2.6064463	-1.516556	8.25	7.52911	22.0	0.0	1000.0	1412.0	0.007354166666666667	-0.010079153	0.09398702	0.38319966	-0.22781004	0.8318075	0.41118458	2.3375292	-0.2785442	-0.025801897	-0.0067285933	-0.103593856	0.00039294362	0.032095045	0.24608038	1.3375292	-0.1	2.7708745	0.5151232	4.814778	0.13769114	0.074080795	-0.028657451	1.3524472	-0.31297648	-0.025801891	-0.009633066	3.0	1.6733365	0.012992984	192000	477.75265860557556
24	0.20333013	1.7897822	3.3194795	-1.6624446	7.125	7.4571695	24.0	0.0	1000.0	1469.0	0.007345	0.05305089	0.12932338	0.69877976	-0.22381629	1.0181874	0.7352998	3.9820597	-1.035716	-0.017808883	-0.0068043545	-0.80631435	-0.0018312931	0.27622953	0.46938336	2.9820597	-0.1	2.748154	0.540219	4.9207854	0.14324628	0.071072176	-0.020785518	1.0847179	-0.34930247	-0.017808897	-0.010180321	3.0	1.6718631	0.013199117	200000	497.1352822780609
25	-0.4577188	1.7473774	3.1236982	-2.4427395	4.375	3.9666579	11.0	0.0	1000.0	1504.0	0.007230769230769231	0.04034239	0.13449307	0.91317695	-0.29493198	0.5407854	0.77391046	2.7350767	-0.82070774	0.013882004	-0.0056569874	-0.23307246	-0.0013019294	0.08153981	0.32634974	1.7350767	-0.1	2.7039986	0.51335174	4.9701757	0.1813283	0.06343909	-0.032760076	0.61359596	-0.30663782	0.013882023	-0.0025167083	3.0	1.6704499	0.008837547	208000	517.2368674278259
26	-0.13966167	1.2536922	1.8215	-2.1200397	2.625	3.4977672	10.0	0.0	1000.0	1525.0	0.007060185185185185	-0.07593213	0.11375917	0.6155309	-0.29332456	0.38231793	0.46381837	2.5353422	-0.41632512	-0.009115086	-0.018439453	0.14260629	-0.008963093	-0.055670366	0.17347547	1.5353422	-0.1	2.699228	0.50708944	4.974714	0.1802424	0.044546816	-0.011901524	0.4230196	-0.10382819	-0.009115072	-0.005879904	79.0	1.6690022	0.008402815	216000	540.0637834072113
27	0.85372794	1.5432317	4.199013	-0.6098592	2.875	2.666341	7.0	0.0	1000.0	1548.0	0.006910714285714286	-0.016516179	0.14398666	0.84613776	-0.27763185	0.37680852	0.41479087	2.0206285	-0.7465689	-0.0125240125	-0.0040609427	0.15931186	-0.0014455616	-0.06684024	0.0941561	1.0206285	-0.1	2.5550747	0.53387207	5.0093184	1.2170393	0.062757716	-0.023919702	0.26347482	-0.067173734	-0.012524009	7.323641e-05	3.0	1.6460211	0.008030554	224000	560.0847840309143
28	0.64711916	1.044852	2.4026566	-1.0210706	3.625	5.8081303	17.0	0.0	1000.0	1577.0	0.006797413793103448	0.0970922	0.19087479	0.8852301	-0.30084017	0.2633115	0.29280257	1.8245761	-0.45259824	-0.0131269675	-0.025864845	0.22824056	-0.03951551	-0.09261526	0.052563604	0.82457614	-0.1	2.49581	0.5127718	4.7731023	0.52777904	0.05680935	-0.014520925	0.6820944	-0.1923097	-0.01312698	-0.011697148	79.0	1.6445304	0.011845717	232000	582.6448736190796
29	3.0458336	3.0709748	8.214315	-0.19315253	4.25	5.1173725	16.0	0.0	1000.0	1611.0	0.0067125	0.22546117	0.27156624	1.5122926	-0.35491097	0.52312917	0.57618344	3.9403434	-0.54101497	-0.0185982	-0.006142849	-0.03923707	6.366894e-05	0.0059151687	0.29745737	2.9403434	-0.1	2.1946948	0.51279855	4.8921785	0.14903753	0.11136592	-0.061238073	0.5639484	-0.22421533	-0.018598204	-0.007156769	3.0	1.6167767	0.008001116	240000	602.9763107299805
30	1.0658221	2.0833116	5.1426253	-1.9151369	5.375	7.6475077	25.0	0.0	1000.0	1654.0	0.006669354838709678	0.14717987	0.30037317	2.0051358	-0.42148942	0.4898478	0.42184752	2.5775826	-0.34817874	0.010678382	-0.022198552	0.09137121	-0.0063329935	-0.047026988	0.16712746	1.5775826	-0.1	2.1233807	0.49917424	4.898392	0.123081364	0.07988332	-0.026278928	0.7963796	-0.2745154	0.010678368	-0.013843499	32.0	1.6162267	0.012927492	248000	623.9757974147797
31	3.2617705	3.1794775	9.469808	-0.07243718	2.5	3.1622777	8.0	0.0	1000.0	1674.0	0.0065390625	0.20510347	0.3469403	1.6153371	-0.27027497	0.3588859	0.46405467	2.7514803	-0.6430141	-0.000455184	-0.034535844	0.108712055	-0.01618062	-0.05700899	0.15203448	1.7514803	-0.1	1.9950403	0.4836084	4.878717	0.11814484	0.07164247	-0.027719561	0.4242633	-0.18213974	-0.0004551717	-0.017842282	79.0	1.6131608	0.010104356	256000	647.2975289821625
32	1.3307785	1.9320877	5.607936	-0.9924711	3.0	2.5495098	7.0	0.0	1000.0	1698.0	0.006431818181818182	0.21897034	0.31447664	1.683441	-0.26163265	0.3134923	0.23752257	1.9792546	-0.37465605	-0.000754865	-0.018040568	0.15955271	-0.034740284	-0.094736956	0.04835217	0.9792546	-0.1	1.7059574	0.46640694	4.77084	0.1048461	0.098115236	-0.05284272	0.21368705	-0.0633461	-0.00075488136	-0.0030805948	79.0	1.5720191	0.0074777147	264000	669.8393685817719
33	2.646813	2.5553546	6.556166	-1.2880362	2.75	2.6809514	9.0	0.0	1000.0	1720.0	0.006323529411764706	0.15134041	0.24391033	1.1262172	-0.29145604	0.24183735	0.31874636	2.3758607	-0.425211	-0.005074995	-0.019795923	0.113338806	-0.028454788	-0.08918521	0.082156554	1.3758607	-0.1	1.3090773	0.41191888	4.7325473	0.21016903	0.092247896	-0.038561486	0.4126574	-0.087980956	-0.0050749765	-0.005069382	79.0	1.571372	0.0077888854	272000	692.213461637497
34	1.5343716	1.4218812	4.419382	-0.20576096	5.25	4.789311	15.0	0.0	1000.0	1762.0	0.006292857142857143	0.16169506	0.15771924	0.93587065	-0.27562273	0.59118176	0.5839466	3.8539212	-0.28555924	-0.023096874	-0.025061447	-0.06937905	-0.0052378103	0.032179322	0.3298108	2.8539212	-0.1	1.0262831	0.3732158	4.8423023	0.108278304	0.034318328	-0.011050738	0.9865515	-0.28673983	-0.02309688	-0.008709522	79.0	1.5599382	0.010269579	280000	715.3284862041473
35	3.9647326	2.70297	9.437508	0.065136716	3.125	1.5360258	5.0	0.0	1000.0	1787.0	0.0062048611111111115	0.32203087	0.30373466	1.5498384	-0.2978303	0.43686652	0.42550892	2.7012916	-0.5532761	0.012700814	-0.027972087	0.05711078	-0.006724678	-0.06056253	0.13214299	1.7012916	-0.1	1.0104277	0.39156565	4.6945314	0.24279113	0.061490897	-0.026641816	0.32526845	-0.09426917	0.012700812	-0.0064035296	79.0	1.5156415	0.010129183	288000	738.4070899486542
36	2.4182792	1.8063232	5.0198374	0.3767279	9.0	5.0	18.0	2.0	1000.0	1859.0	0.006280405405405406	0.36642987	0.2557055	1.7464801	-0.085338034	0.46893132	0.33936507	2.6554697	-0.12422291	-0.012296069	-0.023709487	0.047315862	-0.004286498	-0.063922375	0.14528607	1.6554697	-0.1	0.9492882	0.39912668	4.8857393	0.18604869	0.077019624	-0.04781331	0.74137735	-0.3548313	-0.012296077	-0.014761813	29.0	1.4810469	0.013515374	296000	758.7786159515381
37	2.9974043	2.859263	8.328528	-0.06409594	6.375	5.7865686	18.0	0.0	1000.0	1910.0	0.006282894736842105	0.207634	0.31294912	1.7661911	-0.41928434	0.84142107	0.51619875	3.128188	-0.32589388	0.0018532454	-0.02377732	-0.09016811	-0.015693694	0.08930637	0.30169207	2.128188	-0.1	0.86803985	0.36960077	4.951806	0.17761008	0.08075152	-0.036089454	0.75330746	-0.21244603	0.0018532331	-0.005979251	79.0	1.4693768	0.010373734	304000	781.2810525894165
38	3.0047174	3.0759926	8.064468	-1.2776263	2.75	3.230712	10.0	0.0	1000.0	1932.0	0.006192307692307692	0.40593904	0.4197109	2.3486028	-0.19667898	0.4135584	0.645342	3.5297828	-0.6566561	-0.008108087	-0.005230584	-0.02635738	-0.00024433993	0.012449922	0.27960232	2.5297828	-0.1	1.0287803	0.38097668	4.6713624	0.2186447	0.09202976	-0.0371982	0.718017	-0.37541956	-0.008108096	-0.0023499923	2.0	1.4525502	0.0075112116	312000	801.68425989151
39	3.960365	2.1522017	7.3515697	0.23151392	5.5	5.0	16.0	0.0	1000.0	1976.0	0.006175	0.35679966	0.4699562	2.2627392	-0.30308706	0.32658106	0.15389787	1.463911	-0.21059003	0.0052215056	-0.019005775	0.10211785	-0.014565714	-0.09966321	0.009894497	0.46391106	-0.1	1.0322462	0.39560097	4.9478498	0.22583786	0.09970308	-0.03475161	0.6450641	-0.23367149	0.0052215173	-0.0047780876	79.0	1.4521339	0.009012362	320000	822.5800783634186
40	2.5638404	2.6721287	7.440426	-1.3998243	7.0	4.8989797	16.0	0.0	1000.0	2032.0	0.0061951219512195125	0.29754242	0.2552245	1.8394145	-0.13194697	0.58603776	0.5394652	4.300495	-0.3647986	-0.015469465	-0.05274066	-0.023159718	0.00016343407	0.0011592216	0.27790922	3.3004951	-0.1	0.84803843	0.36922258	4.7959504	0.09432939	0.060405944	-0.025512066	0.67501676	-0.15271461	-0.015469478	-0.048468173	42.0	1.4222137	0.017835697	328000	844.4785408973694
41	4.5363493	3.6676667	10.1593075	-0.5678919	7.25	6.9236913	21.0	0.0	1000.0	2090.0	0.0062202380952380955	0.380755	0.4119563	1.8540612	-0.355535	0.7736848	0.57649386	4.4518027	-0.45255533	0.014601096	-0.022383103	-0.082704015	-0.019166984	0.07204989	0.3728536	3.4518027	-0.1	0.8413938	0.36059234	5.0199566	0.104636855	0.10929901	-0.038334988	0.9910736	-0.4276188	0.014601099	-0.0063391253	79.0	1.4164	0.01122293	336000	867.3201947212219
42	5.65491	2.5195465	10.81097	2.5254939	5.25	5.3091903	17.0	0.0	1000.0	2132.0	0.006197674418604651	0.5702131	0.46751216	2.2042072	-0.33647537	0.36481422	0.6293651	3.8111198	-0.6624163	-0.017795233	-0.04065843	-0.01867943	-0.0005443543	-0.006025372	0.31304947	2.8111198	-0.1	0.9668025	0.39843187	4.9333	0.06878565	0.10746401	-0.04588348	0.86419606	-0.23743653	-0.017795227	-0.0389374	17.0	1.3907213	0.015733292	344000	887.7350082397461
43	5.6002703	3.407955	9.851654	0.14761949	3.25	2.1650636	7.0	0.0	1000.0	2158.0	0.006130681818181818	0.5617778	0.4080269	1.871763	-0.29796797	0.641313	0.47524098	3.241149	-1.2665167	-0.01680789	-0.040416285	-0.021022568	-0.0019338597	0.0029528274	0.2723121	2.241149	-0.1	1.0220814	0.39743495	4.5355797	0.12445783	0.07028782	-0.02088882	0.3469881	-0.11299214	-0.016807877	-0.030731898	39.0	1.3869205	0.012895628	352000	909.6290879249573
44	3.8574624	2.2628527	6.576535	-0.5603849	4.875	2.619041	9.0	0.0	1000.0	2197.0	0.006102777777777778	0.40530017	0.35515353	1.8675841	-0.24173287	0.42409506	0.45248538	4.528013	-0.34167194	-0.002426598	-0.020782832	0.023495885	-0.004552301	-0.042453565	0.24156173	3.5280132	-0.1	1.0790976	0.4253918	4.7799206	0.24671738	0.067079805	-0.021239258	0.43900982	-0.06429422	-0.0024265826	-0.0061527463	79.0	1.3845596	0.007573625	360000	932.4630162715912
45	4.53053	3.6553853	12.755455	1.2390273	4.875	6.0917463	19.0	0.0	1000.0	2236.0	0.006076086956521739	0.41819435	0.38258836	1.8994642	-0.15350075	0.37658468	0.45470965	4.049406	-0.39663276	-0.015618338	-0.021340683	0.02783131	-0.0033788178	-0.044758324	0.22664802	3.049406	-0.1	1.0372252	0.42793936	4.943252	0.16217998	0.073782906	-0.023915444	0.9755419	-0.19064587	-0.015618339	-0.009902833	42.0	1.3749633	0.012104287	368000	953.6762473583221
46	4.7559185	3.746763	12.167949	-0.30418912	4.875	5.644411	16.0	0.0	1000.0	2275.0	0.006050531914893617	0.5662975	0.41299102	1.9743992	-0.25471655	0.47271758	0.46356305	3.7482417	-0.35225585	-0.021816883	-0.053112347	0.00996324	-0.0013348702	-0.037864424	0.21716619	2.7482417	-0.1	0.94768125	0.43014553	4.6762853	0.18661918	0.103346266	-0.04947601	0.60899156	-0.1482147	-0.021816868	-0.049504552	23.0	1.3763399	0.014357796	376000	974.0359678268433
47	3.2436173	2.982616	8.423636	-0.08786215	7.375	6.872727	19.0	0.0	1000.0	2334.0	0.006078125	0.34691393	0.3885445	2.1831663	-0.22307476	0.8231589	0.79038495	4.3810225	-0.5412476	0.010359801	-0.020832594	-0.18144391	-0.062186033	0.17929113	0.5221463	3.3810225	-0.1	0.9366212	0.430606	4.703708	0.123736866	0.055813316	-0.01329596	1.477734	-0.7606345	0.0103598125	-0.0076265745	61.0	1.3728166	0.012083533	384000	995.7096977233887
48	4.6940665	2.8130226	10.003837	0.46397144	6.75	4.054319	15.0	1.0	1000.0	2388.0	0.0060918367346938776	0.39285305	0.38281336	1.8285383	-0.2554721	0.9659495	0.5737599	2.81533	-0.5799376	0.021677686	-0.019922988	-0.19570181	-0.030529737	0.1576969	0.38433695	1.81533	-0.1	1.2451963	0.50511533	4.886845	0.08165814	0.090239145	-0.036766205	0.7463691	-0.24580258	0.02167769	-0.012683376	19.0	1.3551474	0.012126086	392000	1016.0919415950775
49	4.3469872	3.8517687	10.905042	-0.7096773	2.375	2.6427968	8.0	0.0	1000.0	2407.0	0.0060175	0.52744424	0.47692573	2.2113059	-0.25779346	0.29641458	0.49427363	3.2441359	-0.5625697	-0.011304018	-0.03038488	0.053075638	0.0020146593	-0.048690457	0.23472758	2.2441359	-0.1	1.3344249	0.51979685	4.6732855	0.13543034	0.06508066	-0.025161088	0.236265	-0.080326766	-0.011304014	-0.013015325	79.0	1.3493819	0.010157005	400000	1038.1325464248657
50	5.2984886	2.15146	9.530014	3.0337653	1.625	1.7984369	5.0	0.0	1000.0	2420.0	0.005931372549019607	0.5624858	0.41162503	2.2255123	-0.15389223	0.16116783	0.33751225	2.4492357	-0.571393	-0.0028686891	-0.0042499774	0.11675846	-0.0006599277	-0.08614505	0.09914843	1.4492357	-0.1	1.428976	0.531017	4.463434	0.35041252	0.06615495	-0.013374258	0.13322338	-0.026077405	-0.002868698	-0.00021015783	2.0	1.3415077	0.005520271	408000	1058.6313948631287
51	7.2138586	4.153781	13.78771	0.5058867	3.5	3.8729835	12.0	0.0	1000.0	2448.0	0.005884615384615385	0.63495314	0.44500452	2.385037	-0.13578072	0.23083064	0.30909765	2.8457081	-0.33068827	0.002064907	-0.025469918	0.11953151	-0.028855659	-0.08514765	0.10607061	1.8457081	-0.1	1.5198122	0.56722635	4.689409	0.16165274	0.11156851	-0.051003948	0.7058363	-0.1475491	0.0020649151	-0.0067936517	79.0	1.3410366	0.011784666	416000	1080.6483800411224
52	6.9568453	1.2681865	9.166119	5.0441613	8.125	10.166581	28.0	1.0	1000.0	2513.0	0.00592688679245283	0.67063123	0.41764215	2.1175482	0.0026617616	0.35917798	0.33148417	3.5246022	-0.312418	0.031809833	-0.031580977	0.08129353	-0.012668394	-0.078970686	0.13055244	2.5246022	-0.1	1.1153308	0.48472947	4.5694084	0.07961119	0.09084418	-0.02506917	2.7109706	-0.96784246	0.031809848	-0.021655058	41.0	1.35621	0.012084739	424000	1102.0224840641022
53	6.451687	4.32542	12.577637	0.666844	5.25	7.01338	18.0	0.0	1000.0	2555.0	0.005914351851851852	0.6308105	0.4572895	2.1186745	-0.1263832	1.1616769	0.8377871	5.1020145	-0.88958156	-0.05329273	-0.027489074	-0.42367133	-0.030376017	0.367005	0.62777036	4.1020145	-0.1	0.9800448	0.45895094	4.779836	0.0866386	0.09140247	-0.019016534	1.5047246	-0.85087645	-0.0532927	-0.021689087	18.0	1.3663908	0.010565541	432000	1123.1475191116333
54	7.7438226	3.9838686	15.908802	2.7307746	1.75	1.7853571	5.0	0.0	1000.0	2569.0	0.0058386363636363636	0.7534033	0.48346132	2.0532677	-0.1415326	0.47897908	0.5583187	3.4393492	-0.75003177	0.011884309	-0.019930758	-0.00027398235	-0.00012087848	-0.0044233915	0.25807825	2.4393492	-0.1	1.0434123	0.48164847	4.8822193	0.13710241	0.08304127	-0.025858056	0.4258795	-0.26408708	0.011884303	-0.0069606807	47.0	1.3502115	0.012169805	440000	1143.5951573848724
55	5.624656	2.347447	10.697466	2.699156	3.25	3.9290583	12.0	0.0	1000.0	2595.0	0.005792410714285714	0.6490278	0.43076903	2.522877	-0.093576886	0.22526723	0.36039433	2.6283052	-0.45359677	0.003044897	-0.047940053	0.08445935	-0.0014275089	-0.07597369	0.13441038	1.6283052	-0.1	1.1731911	0.50849676	4.61804	0.2851405	0.07500871	-0.027037598	0.56022996	-0.120485514	0.003044918	-0.041047286	24.0	1.3437455	0.014754432	448000	1163.0881624221802
56	7.9608736	3.4766479	14.883531	4.365539	4.875	8.666567	27.0	0.0	1000.0	2634.0	0.005776315789473684	0.7495297	0.42086947	2.0493736	-0.015859885	0.25714868	0.36996555	3.4450793	-0.38925147	-0.00062037015	-0.06122628	0.08874043	-0.02038499	-0.07875901	0.11729025	2.4450793	-0.1	1.1726129	0.5212529	4.5200644	0.085697055	0.12655653	-0.037322134	1.4598233	-0.28504026	-0.0006203623	-0.043361966	79.0	1.3305774	0.0117008835	456000	1185.8760089874268
57	7.513177	2.9296994	10.63415	1.5061204	4.25	3.799671	12.0	0.0	1000.0	2668.0	0.00575	0.76620275	0.44708607	2.411293	-0.20279734	0.52460474	0.49407288	3.608144	-0.32838398	0.0026085994	-0.02511459	0.0017197395	-0.00087279663	-0.021905912	0.2859851	2.608144	-0.1	0.9254683	0.46488184	4.4897175	0.19690667	0.09693922	-0.04091701	0.39731357	-0.075413585	0.0026085945	-0.017238552	26.0	1.2786858	0.01367587	464000	1206.6092295646667
58	6.645817	3.108313	11.07406	3.056075	3.875	5.3018274	16.0	0.0	1000.0	2699.0	0.005718220338983051	0.7549582	0.4265542	2.12291	-0.10127052	0.29438183	0.466329	2.9448273	-0.6002426	-0.0027238224	-0.040918455	0.039434288	-0.007240668	-0.05567753	0.19264466	1.9448273	-0.1	0.8413146	0.4325724	4.8853216	0.105028026	0.116342545	-0.048477635	0.38880092	-0.17497078	-0.0027238391	-0.023718461	79.0	1.2814289	0.011108926	472000	1229.1978147029877
59	7.263015	4.363946	16.117085	-0.21571854	1.875	2.8912585	9.0	0.0	1000.0	2714.0	0.005654166666666667	0.6409458	0.52193755	2.2596707	-0.25981322	0.38947713	0.58911633	4.8886385	-0.2623042	-0.0069029136	-0.02186754	-0.01589098	-0.0013336204	-0.0023922997	0.35666645	3.8886385	-0.1	0.72406167	0.38953793	4.706733	0.13254231	0.1081373	-0.03716965	0.27449828	-0.12585372	-0.006902917	-0.0050793295	79.0	1.2644415	0.009100619	480000	1251.523612499237
60	8.362229	3.925174	16.067238	3.249017	4.75	7.428829	22.0	0.0	1000.0	2752.0	0.005639344262295082	0.82086545	0.50221956	2.338469	-0.3448356	0.19160523	0.3558422	3.0063777	-0.48394734	0.004353332	-0.023286259	0.04935349	-0.008156456	-0.07619029	0.1421173	2.0063777	-0.1	0.68957204	0.39038253	4.6275043	0.06726735	0.108249314	-0.029124051	1.7582493	-0.53872	0.004353355	-0.004121683	79.0	1.257319	0.01006663	488000	1273.2137866020203
61	9.347127	4.900738	15.247338	1.0809063	1.5	1.8027756	5.0	0.0	1000.0	2764.0	0.00557258064516129	0.8937576	0.5235684	2.4660401	-0.010429438	0.4705563	0.62916476	4.9226847	-0.6681899	-0.011991553	-0.037234116	-0.019410396	-0.0010646228	0.009005207	0.40726423	3.9226847	-0.1	0.5900552	0.34910837	5.321562	0.07812512	0.11600587	-0.03463111	0.32953906	-0.19286737	-0.0119915595	-0.017902847	79.0	1.2390738	0.011972757	496000	1295.792228937149
62	10.052984	4.11023	17.001663	3.3027616	0.375	0.69597054	2.0	0.0	1000.0	2767.0	0.005490079365079365	1.0590224	0.5458798	2.31678	-0.4111292	0.13917626	0.2876893	2.1059837	-0.4681902	-0.00024250093	-0.0055700005	0.05119065	5.108118e-05	-0.08862033	0.08825195	1.1059837	-0.1	0.57633513	0.35098973	2.3029153	0.094126835	0.13326624	-0.031265296	0.06686746	-0.042514652	-0.00024250975	-0.0004399923	2.0	1.1888683	0.0046646646	504000	1315.6218376159668
63	6.510124	3.1189709	10.862593	0.75707424	15.375	18.172352	56.0	0.0	1000.0	2890.0	0.00564453125	0.72860926	0.5393964	2.4199321	-0.4743655	0.19822623	0.3405529	3.1122472	-0.5672234	-0.0036684338	-0.03140639	0.03655706	-0.0058571696	-0.08077661	0.12199913	2.1122472	-0.1	0.55996203	0.36717257	4.595807	0.06841444	0.11432167	-0.048615478	10.720869	-5.031621	-0.0036684596	-0.01396719	65.0	1.1879021	0.012206583	512000	1337.7076921463013
64	8.639103	4.4880667	16.611439	1.2545382	4.125	5.5551214	15.0	0.0	1000.0	2923.0	0.005621153846153846	0.8589707	0.5029641	2.1293724	-0.42099857	1.0876284	0.85480845	6.3424115	-0.9559261	-0.00832126	-0.049224388	-0.17648289	-0.13414657	0.3171212	0.65580165	5.3424115	-0.1	0.51190615	0.33506036	5.2129235	0.08432082	0.14366052	-0.04201389	1.1402646	-0.7047194	-0.008321263	-0.032672457	71.0	1.1599373	0.012152258	520000	1359.9255728721619
65	8.216959	5.5884366	17.090458	0.09025456	7.125	5.9253163	15.0	0.0	1000.0	2980.0	0.005643939393939394	0.82704824	0.54106736	2.1954105	-0.24584161	0.5150984	0.92019916	7.106615	-0.86139196	-0.013789688	-0.028710593	-0.14017662	-0.028704345	0.13580173	0.62283665	6.106615	-0.1	0.86402136	0.51336694	5.255197	0.07549881	0.114628755	-0.0568059	0.80191183	-0.24076092	-0.013789697	-0.018172948	20.0	1.1594527	0.012549465	528000	1380.1087412834167
66	7.921838	1.9811697	11.57632	5.3671913	8.625	7.9833813	25.0	0.0	1000.0	3049.0	0.005688432835820895	0.76292	0.44876328	2.1196318	-0.10950807	0.8426377	0.8667419	5.970649	-0.2358946	0.018510923	-0.0043534897	-0.24336283	-0.0062138587	0.20491971	0.6532651	4.970649	-0.1	1.1387779	0.59749776	5.370556	0.09329657	0.1118021	-0.059492715	1.5622185	-0.7792487	0.01851091	-0.0012466963	2.0	1.1495148	0.0048454856	536000	1399.8338837623596
67	8.0398245	3.9655435	16.012539	1.1185105	4.875	4.807221	12.0	0.0	1000.0	3088.0	0.005676470588235294	0.78044033	0.4183203	1.9316661	-0.061554655	0.58671904	0.81084305	4.769612	-0.9471359	-0.004795048	-0.027741801	-0.1325077	-0.05204995	0.10557913	0.50922436	3.7696118	-0.1	1.1241065	0.5984596	5.295817	0.05636611	0.11669154	-0.04865481	0.5128313	-0.192781	-0.004795035	-0.013472499	48.0	1.1472806	0.011952006	544000	1421.3143055438995
68	11.10717	2.4584286	16.234198	7.1390057	3.625	4.635124	14.0	0.0	1000.0	3117.0	0.005646739130434782	1.015825	0.4771525	2.1608245	-0.10752195	0.60120845	0.7315456	4.964639	-0.89135486	-0.027863454	-0.004731927	-0.098767795	-0.0015099123	0.05499029	0.5039526	3.9646392	-0.1	1.5942335	0.750029	5.4002633	0.34639105	0.08899563	-0.034025755	0.42133984	-0.16207257	-0.027863465	-0.0017552506	2.0	1.109193	0.0062089837	552000	1441.0394113063812
69	10.167086	3.3004293	15.211258	5.2205935	4.375	3.9666579	12.0	0.0	1000.0	3152.0	0.005628571428571429	1.1375781	0.44760355	2.1938732	0.12542793	0.21496072	0.549335	4.4899173	-0.4964823	-0.0116810845	-0.029156066	0.045317505	0.0034699365	-0.040585704	0.30023897	3.4899173	-0.1	1.6293724	0.7774322	5.2048173	0.11611483	0.13524891	-0.046891637	0.5419896	-0.12346649	-0.011681049	-0.02085638	22.0	1.1079707	0.013951561	560000	1461.4497215747833
70	9.4824295	2.463223	13.021397	6.667998	19.125	35.16901	108.0	0.0	1000.0	3305.0	0.005818661971830986	0.96754634	0.45861378	2.021356	-0.13198003	0.5661508	0.7731956	5.190783	-0.3389007	0.061079953	-0.017437812	-0.13142547	-0.0005350411	0.055282213	0.59335005	4.190783	-0.1	1.601356	0.75870687	5.451615	0.08871617	0.12541209	-0.035948694	36.565884	-17.488235	0.06107995	-0.02072519	2.0	1.0964259	0.012994813	568000	1479.8131484985352
71	7.129236	3.522032	12.853536	0.4827193	4.875	5.6665134	13.0	0.0	1000.0	3344.0	0.005805555555555555	0.81304884	0.500763	2.152422	-0.34374487	1.644968	2.5848668	12.626524	-1.6620445	-0.12913188	-0.016945034	-2.4499583	-0.046165943	1.2487695	2.1091692	11.626524	-0.1	1.6332405	0.77029705	5.4672866	0.09006491	0.117132075	-0.035880968	5.5540752	-4.639942	-0.12913187	-0.01687017	2.0	1.0946558	0.009408993	576000	1500.3059015274048
72	7.5546303	4.1465454	13.356292	0.3496865	3.0	3.8405728	12.0	0.0	1000.0	3368.0	0.005767123287671233	0.7088409	0.5094084	2.0391529	-0.32298765	0.81760633	0.8023485	7.521135	-0.3783598	-0.009812414	-0.03066551	-0.28765517	-0.054519176	0.13136591	0.6365253	6.521135	-0.1	1.740697	0.7667447	5.5101743	0.1516096	0.117645234	-0.05810808	0.59619254	-0.355608	-0.009812408	-0.023195114	28.0	1.093128	0.012479379	584000	1521.3439655303955
73	10.432085	3.0530436	15.460094	4.9617968	1.875	2.0879116	6.0	0.0	1000.0	3383.0	0.005714527027027027	0.9509268	0.48636276	2.150269	0.015799582	0.38464972	0.3434489	3.3195212	-0.64872813	-0.012177088	-0.027497448	0.16473554	0.008743122	-0.08229503	0.09894463	2.3195212	-0.1	2.090263	0.86778915	5.4708157	0.10839971	0.12352097	-0.049059115	0.34233147	-0.11168815	-0.012177086	-0.014867284	38.0	1.0950086	0.012451313	592000	1542.5502808094025
74	7.838931	3.7342973	12.595145	2.0394406	2.75	2.9047375	7.0	0.0	1000.0	3405.0	0.005675	0.8501702	0.52531946	2.0811563	-0.23655577	0.14844348	0.20195378	2.623879	-0.6575505	0.016929565	-0.010855002	0.21003821	-0.003137216	-0.09770057	0.042719554	1.623879	-0.1	2.1833014	0.8970277	5.430911	0.086543165	0.10631473	-0.037517413	0.32464758	-0.018246442	0.016929578	-0.0049619954	8.0	1.0939426	0.008128994	600000	1563.1569929122925
75	8.932898	3.5416088	13.598738	0.5216839	2.5	2.9154758	7.0	0.0	1000.0	3425.0	0.0056332236842105265	0.81350964	0.43954113	2.050071	-0.31218526	0.22072293	0.2303269	2.4164717	-0.1410509	-0.017708069	-0.018766252	0.19972412	-0.051638484	-0.09663306	0.041364178	1.4164717	-0.1	2.1026795	0.8895254	5.515265	0.6015887	0.14937058	-0.07986247	0.39622128	-0.06114027	-0.017708069	-0.001711892	79.0	1.0909731	0.009234491	608000	1586.8035118579865
76	12.856563	2.5775065	16.918995	7.924182	3.0	3.640055	12.0	0.0	1000.0	3449.0	0.005599025974025974	1.1578872	0.5042905	2.1548536	-0.32114738	0.23636383	0.3444779	4.497587	-0.25943613	0.03237158	-0.03930911	0.12566699	-0.015156001	-0.08135519	0.14026672	3.4975872	-0.1	1.5874994	0.7842365	5.4810834	0.3313624	0.16950375	-0.06278038	0.5249208	-0.032331765	0.032371584	-0.029411403	27.0	1.042757	0.012386486	616000	1607.728121995926
77	10.594866	4.958299	15.884068	-0.51295173	3.375	4.9984374	15.0	0.0	1000.0	3476.0	0.005570512820512821	1.1691557	0.58173233	2.2583756	-0.051973436	0.27128783	0.27855182	2.7364688	-0.13678603	0.005326816	-0.030487627	0.12427949	-0.035398893	-0.0915546	0.059973404	1.7364688	-0.1	1.3729044	0.70300114	5.411297	0.08416259	0.08623694	-0.039377306	0.8089247	-0.082197726	0.005326827	-0.00917516	77.0	1.0434252	0.0117246015	624000	1629.928394317627
78	11.958776	5.745265	19.163269	3.0339472	2.875	2.7585096	8.0	0.0	1000.0	3499.0	0.005536392405063291	1.2486771	0.48591435	2.261306	0.17109518	0.4800241	0.4129562	3.167094	-0.15579878	-0.0048612636	-0.0042057307	0.047163304	-0.0005929321	-0.04952076	0.17717367	2.167094	-0.1	1.1008056	0.6027981	5.607823	0.05939958	0.19907667	-0.094716825	0.6191144	-0.14518255	-0.0048612957	-0.00032924768	2.0	1.0411258	0.0056126937	632000	1649.8432528972626
79	9.861517	4.9539237	17.053719	3.745609	16.125	29.237978	90.0	0.0	1000.0	3628.0	0.00566875	1.0521241	0.59083515	2.4915626	-0.23055926	0.34373158	0.35631895	3.9387653	-0.1760652	0.050152443	-0.006404102	0.0698642	-0.0009211749	-0.07273514	0.15548785	2.9387653	-0.1	1.1026837	0.61365706	5.564287	0.061617408	0.22292303	-0.10992217	13.050775	-8.192097	0.050152436	-0.0050431825	2.0	1.0407317	0.004382812	640000	1670.0049784183502
80	7.2473307	4.8938956	13.240943	0.9660886	7.5	5.9581876	16.0	0.0	1000.0	3688.0	0.005691358024691358	0.8647222	0.6718495	2.5422766	-0.25832573	1.3899014	1.9060036	10.394407	-0.84882206	0.0012953867	-0.024659898	-0.92860854	-0.052704096	0.77847326	1.6528163	9.394407	-0.1	1.0361537	0.5884381	5.1711435	0.08531314	0.13285983	-0.070272624	3.5979679	-2.1170664	0.0012953898	-0.023015717	9.0	1.0400109	0.011038709	648000	1690.3864192962646
81	10.875702	3.243078	15.418052	4.860793	7.0	7.2111025	19.0	0.0	1000.0	3744.0	0.005707317073170732	0.96093553	0.5661115	2.1089163	-0.32313892	0.7213644	1.042299	7.6190295	-1.2234923	0.0006715291	-0.037431195	-0.2817904	-0.012538493	0.19574848	0.83000094	6.6190295	-0.1	1.171085	0.6462546	5.5875497	0.0650236	0.11358832	-0.040485874	1.7692919	-0.46921182	0.0006715266	-0.043771934	5.0	1.0416574	0.016939756	656000	1709.9546692371368
82	8.914467	4.962727	14.986121	0.42177054	4.625	3.9031239	12.0	0.0	1000.0	3781.0	0.005694277108433735	0.91826916	0.56956756	2.147457	-0.0688078	0.598178	0.3661557	3.2421837	0.07372001	0.038304906	-0.017292552	0.026400944	0.0054751206	-0.040499516	0.21333836	2.2421837	-0.1	1.0999621	0.6284305	5.5682626	0.057333298	0.10506215	-0.039101712	0.64924973	-0.06610441	0.03830491	-0.006555151	35.0	1.0410779	0.012267713	664000	1730.9758651256561
83	10.271306	3.7755432	16.607801	3.642663	3.75	3.7666297	12.0	0.0	1000.0	3811.0	0.005671130952380953	1.0001643	0.53763354	2.24581	-0.14089918	0.5327917	0.35676977	3.0467327	-0.23105231	-0.0014014965	-0.03385224	0.058107674	-0.0030896626	-0.051586814	0.17540616	2.0467327	-0.1	1.3405315	0.700408	5.230325	0.073126346	0.09998154	-0.034393802	0.43091217	-0.045433998	-0.0014014882	-0.018816704	53.0	1.012144	0.012017269	672000	1752.4954674243927
84	10.1165085	2.4015322	16.021927	8.212727	1.875	2.204399	7.0	0.0	1000.0	3826.0	0.005626470588235294	0.9484222	0.48170567	2.072019	-0.1222798	0.38098106	0.31333914	3.9347878	-0.03055247	-0.002426808	-0.0040208567	0.09151095	-0.00050632656	-0.0731274	0.14534156	2.9347878	-0.1	1.3222339	0.69909716	5.437236	0.07362816	0.12825009	-0.06348105	0.29311174	-0.05522886	-0.0024268047	-0.00049639656	2.0	0.97855216	0.0030580391	680000	1772.459214925766
85	10.004011	3.345442	15.12514	6.0984206	7.25	4.710361	14.0	0.0	1000.0	3884.0	0.0056453488372093024	1.0801591	0.525073	2.0505867	-0.11507823	0.225431	0.24746683	3.007897	-0.30272534	0.025619712	-0.018742759	0.10580954	-0.0046954826	-0.091291465	0.07190381	2.007897	-0.1	1.2238159	0.6876601	5.329884	0.075141706	0.13654886	-0.04939711	0.8097753	-0.26912916	0.025619712	-0.007813616	16.0	0.9772308	0.010542369	688000	1792.1444177627563
86	12.277156	2.28475	16.639112	8.602229	2.75	2.9474566	8.0	0.0	1000.0	3906.0	0.005612068965517241	1.2014549	0.5412517	2.2911506	-0.23751006	0.53502107	0.4178246	3.9880927	-0.2632328	-0.02286825	-0.027861279	0.011615557	-0.005040548	-0.035181332	0.28279763	2.9880927	-0.1	1.217641	0.6708746	5.2492924	0.14217998	0.13932796	-0.050863773	0.31346288	-0.074240774	-0.02286824	-0.007303253	79.0	0.97275317	0.011193247	696000	1813.877145767212
87	10.670669	2.8463094	16.05403	6.4617376	4.5	5.612486	18.0	0.0	1000.0	3942.0	0.0055994318181818185	1.1312466	0.45325473	2.0433478	-0.09174528	0.39425898	0.48819852	3.3407145	-0.108366184	0.0028900516	-0.047471654	0.003726391	-0.0014601045	-0.025521029	0.26923427	2.3407145	-0.1	1.0449389	0.63215876	5.295185	0.18839008	0.078284614	-0.028706435	0.54979	-0.09523022	0.0028900416	-0.031978767	53.0	0.9605456	0.011907511	704000	1835.1404786109924
88	11.217078	3.527394	16.882633	5.9105353	3.25	3.112475	9.0	0.0	1000.0	3968.0	0.005573033707865168	1.1202679	0.44814566	2.136046	0.11566974	0.5535253	0.78926396	5.975163	-0.118698984	0.030015696	-0.028529063	-0.10443382	-0.013666265	0.08692615	0.5758911	4.975163	-0.1	1.0130811	0.62811726	5.4954453	0.06664089	0.11607497	-0.025916018	0.39432484	-0.15906072	0.030015694	-0.011824006	55.0	0.92635804	0.012169594	712000	1856.6864156723022
89	10.918111	4.95996	18.876116	3.7860327	5.875	6.3921337	17.0	0.0	1000.0	4015.0	0.0055763888888888885	1.1124407	0.5786105	2.2103312	-0.06035297	0.29268435	0.41167045	4.1382093	-0.09090465	0.027276788	-0.023412935	0.050023213	0.00042508543	-0.055691145	0.2568413	3.1382093	-0.1	1.1522154	0.6705315	5.615159	0.0797829	0.13045193	-0.029799342	1.2222569	-0.3099432	0.027276786	-0.010968234	40.0	0.90415627	0.012319115	720000	1878.5937910079956
90	11.97448	4.2396116	18.126303	5.0461235	3.0	3.3166249	10.0	0.0	1000.0	4039.0	0.005548076923076923	1.1228442	0.5430979	2.1170702	0.09036381	0.39971337	0.5427563	4.772493	-0.04314526	-0.026346724	-0.03481174	-0.024291003	-0.0029174555	-0.018206589	0.36706233	3.772493	-0.1	1.0620676	0.635746	5.5860267	0.1274081	0.1470924	-0.05871792	0.32210377	-0.05214283	-0.026346734	-0.019820271	62.0	0.9072321	0.01199337	728000	1900.6829528808594
91	9.007954	5.6654186	16.618177	-0.8722614	6.25	8.058381	24.0	0.0	1000.0	4089.0	0.005555706521739131	1.0492984	0.6236534	2.2779953	-0.41874868	0.5925976	0.85072243	6.8734837	-0.02359777	0.014137641	-0.02362535	-0.14849253	-0.005709976	0.11350226	0.6352657	5.8734837	-0.1	1.0995082	0.640472	5.2548733	0.054736163	0.14469948	-0.07603221	1.3358175	-0.3883673	0.014137643	-0.014945327	18.0	0.8637065	0.012256853	736000	1920.7222394943237
92	10.576561	2.93953	16.799742	7.553668	16.5	14.465476	47.0	0.0	1000.0	4221.0	0.005673387096774194	1.1715059	0.45112985	2.1446865	-0.11675376	0.74863356	0.5419949	4.6844234	-0.6753569	-0.0075437273	-0.005504116	-0.0825151	-0.00046875328	0.040851083	0.40009287	3.6844234	-0.1	1.1589894	0.6721365	5.4823546	0.061387494	0.14884995	-0.06307076	5.496274	-2.531193	-0.0075437305	-0.0026609562	2.0	0.85408044	0.0036483242	744000	1941.215294599533
93	10.273506	4.0553865	14.948709	3.2645514	9.5	8.803409	27.0	0.0	1000.0	4297.0	0.0057140957446808515	1.1458124	0.45130834	2.1344657	-0.030101147	0.9180879	1.0166366	7.180212	-0.3133318	-0.052352853	-0.011800602	-0.40122223	-0.008015871	0.24650325	0.838959	6.180212	-0.1	1.1796422	0.68056613	5.308591	0.061981734	0.12442668	-0.069916174	1.6211455	-0.3399862	-0.052352846	-0.009652756	5.0	0.8531211	0.009277771	752000	1961.100269794464
94	10.548803	1.0210651	12.396222	9.241124	11.5	7.017834	23.0	0.0	1000.0	4389.0	0.005775	1.0424815	0.52934617	2.1635041	-0.4770313	1.2474395	1.031082	6.8811865	0.015713967	-0.012538967	-0.039120328	-0.5817489	-0.088175416	0.42350018	0.90811825	5.8811865	-0.1	1.1332306	0.6963511	5.498923	0.07309055	0.09929304	-0.03351672	1.514683	-0.36984742	-0.01253895	-0.035149053	17.0	0.85159844	0.013016837	760000	1981.27672290802
95	10.961369	6.2613845	17.740997	-0.04592106	3.25	4.710361	14.0	0.0	1000.0	4415.0	0.005748697916666667	1.0597423	0.5346372	2.068446	-0.061805114	0.84134877	0.66686064	5.746391	0.080096	-0.050970968	-0.03591526	-0.22180042	-0.053696662	0.10605939	0.5293942	4.746391	-0.1	1.2806939	0.71301574	5.5747123	0.12140626	0.12586021	-0.051522054	0.62032026	-0.2964118	-0.05097094	-0.028939307	31.0	0.8329304	0.012663988	768000	2001.6328437328339
96	10.824633	5.599927	17.723055	-0.5917287	10.375	12.267207	38.0	0.0	1000.0	4498.0	0.00579639175257732	1.1358727	0.62497884	2.2198467	-0.08761345	0.65761966	1.1274283	7.7986927	-2.410358	0.01767052	-0.032575987	-0.46003821	-0.053252786	0.19452554	0.9274164	6.7986927	-0.1	1.6682441	0.8450825	5.584108	0.08205016	0.12075931	-0.04044112	1.3280556	-0.5069678	0.017670535	-0.025578171	16.0	0.81945914	0.014153447	776000	2022.423043012619
97	11.2668085	4.409063	17.950436	3.6756022	8.5	6.652067	19.0	2.0	1000.0	4566.0	0.005823979591836735	1.1172082	0.6229691	2.3787136	-0.1863575	0.94510096	1.1360132	8.675371	-0.10176677	0.0071115443	-0.01175127	-0.70328283	-0.014625907	0.29112977	0.9675803	7.675371	-0.1	2.0620728	0.9084644	5.5144033	0.13060193	0.14605583	-0.077682815	1.3472152	-0.48487437	0.007111535	-0.010249181	2.0	0.8081328	0.009340108	784000	2041.8215107917786
98	11.020313	4.6642504	16.184921	0.42680874	8.875	9.479419	30.0	0.0	1000.0	4637.0	0.00585479797979798	1.0472047	0.5969801	2.1269493	-0.34938633	0.8629691	0.82380474	5.515848	-0.18629326	-0.067184195	-0.008489087	-0.394102	-0.017404318	0.17840378	0.65481585	4.515848	-0.1	2.0462382	0.91269064	5.5161986	0.107136756	0.12237149	-0.04949499	3.3942327	-1.3961635	-0.06718419	-0.0102387145	3.0	0.8054196	0.012924736	792000	2062.279324054718
99	15.254158	2.9395287	20.585962	11.264212	3.5	5.0990195	14.0	0.0	1000.0	4665.0	0.00583125	1.5191045	0.47876325	2.3226044	-0.05676282	0.4123309	0.6710907	5.5253	-0.5494438	0.018957162	-0.005203575	-0.0053258347	0.00015971484	0.002694872	0.44996262	4.5253	-0.1	2.2041836	0.9432635	5.6194563	0.101147495	0.08746243	-0.019253634	0.45916346	-0.12976652	0.0189572	-0.0019535106	2.0	0.80251	0.0069325943	800000	2082.3227620124817
100	11.573553	4.8291006	19.693499	4.511273	3.5	3.9370039	12.0	0.0	1000.0	4693.0	0.005808168316831683	1.3402624	0.5342006	2.4794717	-0.05854319	0.45705646	0.5719483	4.478445	-0.39026898	0.014688591	-0.0065276204	-0.00080661156	0.0001372266	0.0012001419	0.3036675	3.478445	-0.1	2.214195	0.9298815	5.4853106	0.14806187	0.21623828	-0.10288991	0.44634828	-0.121780515	0.014688574	-0.0033944948	2.0	0.8006879	0.0070460187	808000	2102.827016353607
101	8.250846	6.225376	18.187	1.7844622	4.0	3.7080991	11.0	0.0	1000.0	4725.0	0.0057904411764705885	0.8891576	0.6329295	2.2764316	-0.20877275	0.29050958	0.4400201	4.753285	-0.2237291	0.005181108	-0.021812445	0.12986234	0.008411482	-0.055640757	0.24518083	3.753285	-0.1	2.21951	0.9089286	5.3878217	0.08206619	0.17697327	-0.08590753	0.38554057	-0.12987697	0.005181077	-0.00972362	44.0	0.7991108	0.011981333	816000	2123.1724627017975
102	11.166256	2.9422839	15.832041	5.6298013	11.375	14.882351	50.0	2.0	1000.0	4816.0	0.005844660194174758	0.9604968	0.63233805	2.250706	-0.5463005	0.6086018	0.634941	5.7650146	-0.22990796	0.021658937	-0.0132294465	-0.11427313	9.04724e-05	0.04062217	0.40158743	4.7650146	-0.1	2.473457	0.99383533	5.6110773	0.10011448	0.12018891	-0.058156013	9.931926	-2.3870783	0.021658955	-0.017598102	2.0	0.78853774	0.016322454	824000	2142.9315388202667
103	11.764221	3.3426583	16.32758	6.943299	54.75	116.68735	363.0	0.0	1000.0	5254.0	0.006314903846153846	1.1644568	0.46028292	2.183725	-0.155961	1.1979747	1.2486496	8.72901	-0.74451756	-0.09776375	-0.026736967	-1.232196	-0.0061956644	0.51446015	1.0104767	7.7290096	-0.1	2.346332	0.9759826	5.7314234	0.094558574	0.1473656	-0.05327685	354.71042	-76.48404	-0.09776376	-0.12486389	1.0	0.78817105	0.1866424	832000	2162.937710762024
104	10.3910265	4.328419	16.814571	3.3276613	6.0	5.0	13.0	0.0	1000.0	5302.0	0.006311904761904762	1.1476184	0.57321626	2.3205569	-0.2908342	3.0720766	2.019963	12.382235	-2.6053216	-0.08605311	0.0041971803	-5.038302	-0.11630058	2.095659	1.9896168	11.382235	-0.1	2.4083376	0.9568813	5.6602345	0.08056353	0.14518851	-0.07130333	8.925818	-7.9447546	-0.08605312	-0.008321889	1.0	0.7863748	0.020652328	840000	2182.9269342422485
105	6.4377856	2.1843636	8.53224	1.7110373	4.75	5.4486237	16.0	0.0	1000.0	5340.0	0.0062971698113207545	0.85608745	0.5952092	2.4525173	-0.05285478	0.6713423	0.8999594	12.702184	-1.5235387	-0.028809706	-0.0039163996	-0.18782932	-0.004090756	0.08511588	0.75249624	11.702184	-0.1	2.4854321	0.9643457	5.6412463	0.07890396	0.18193579	-0.10016372	0.7158179	-0.21662876	-0.028809741	-0.0062636845	2.0	0.78406847	0.010137254	848000	2202.7959489822388
106	9.510239	6.4737625	17.09263	-0.7385722	2.25	2.2220485	6.0	0.0	1000.0	5358.0	0.0062593457943925235	0.74602246	0.63850164	2.2546957	-0.40192494	0.3550349	0.40572518	3.6864634	-1.9527421	-0.015327117	-0.009952453	0.15716489	0.008002207	-0.06803542	0.17857811	2.6864634	-0.1	2.4084902	0.96225786	5.6767855	0.08869927	0.1687395	-0.089268565	0.31506625	-0.05315903	-0.015327142	-0.004717392	7.0	0.78101146	0.013665206	856000	2222.8662667274475
107	13.950677	5.0231338	21.727798	5.6746273	12.375	22.825083	72.0	0.0	1000.0	5457.0	0.006315972222222222	1.2544805	0.6054848	2.4488995	-0.47543436	0.37133256	0.6315475	4.1959395	-3.694319	0.042854026	-0.011061553	-0.028606407	-0.00022825785	0.006770359	0.34808412	3.1959395	-0.1	2.6658363	1.0136124	5.734706	0.39758462	0.18592387	-0.07321154	12.968515	-4.7188025	0.042854033	-0.013967542	2.0	0.77510405	0.015886474	864000	2243.320843935013
108	15.056985	3.5637243	21.643291	8.67842	7.5	9.380832	27.0	0.0	1000.0	5517.0	0.006326834862385321	1.5415443	0.48700216	2.6009989	0.24163145	1.0308646	1.5933547	12.532197	-0.40160483	0.012005773	-0.008681537	-1.37219	-0.018783092	0.47701192	1.3758674	11.532197	-0.1	2.6251378	1.0651696	5.6581006	0.11087156	0.11148167	-0.026115373	1.4145774	-0.49273556	0.01200576	-0.018217735	2.0	0.77356803	0.026584404	872000	2263.3274018764496
109	11.909512	4.733644	19.200233	2.97385	7.375	8.4548435	22.0	0.0	1000.0	5576.0	0.0063363636363636365	1.2817967	0.5620804	2.4618146	0.16958676	0.61979145	0.5558103	8.872628	-0.2454271	-0.023375439	-0.0057927202	0.024028769	0.00026060268	-0.00060450553	0.41317838	7.872628	-0.1	2.615431	1.0107293	5.73565	0.07243825	0.16829422	-0.062131524	2.1745362	-0.6570054	-0.023375452	-0.0089556575	1.0	0.772468	0.020335436	880000	2283.317598104477
110	9.6027355	5.1698055	17.427536	0.616393	2.75	2.6809514	7.0	0.0	1000.0	5598.0	0.006304054054054054	1.0363244	0.68395245	2.43194	-0.43522832	0.76993954	0.9428716	10.8590765	-0.48442465	0.15291385	-0.0068004727	-0.32073793	-0.0058428943	0.15308304	0.75707006	9.8590765	-0.1	2.697803	0.99994737	5.627933	0.19357528	0.15813933	-0.08025175	1.0213616	-0.7142497	0.15291387	-0.012623757	2.0	0.77156687	0.014485754	888000	2303.666186571121
111	15.087627	3.9691362	19.32723	7.373563	4.0	4.924429	13.0	0.0	1000.0	5630.0	0.006283482142857143	1.4035478	0.5275951	2.3345678	-0.22756456	0.3117083	1.1247945	11.801406	-3.2798285	0.0024212827	-0.017545596	-0.12435801	-0.0076739937	0.055458724	0.95813906	10.801406	-0.1	2.7788472	1.0351595	5.6663785	0.07598032	0.110506594	-0.037914373	0.8399918	-0.23998046	0.0024212818	-0.01608754	9.0	0.7706355	0.013912094	896000	2324.302119255066
112	14.141912	2.4670258	18.95907	10.387216	1.75	2.6809514	8.0	0.0	1000.0	5644.0	0.006243362831858407	1.382021	0.62917906	2.3742301	-0.092508845	0.23127607	0.2601222	2.3637056	-4.2908683	-0.057264447	-0.019016847	0.25990424	0.0071022213	-0.09264498	0.067884	1.3637056	-0.1	2.848417	1.043672	5.5159116	0.14904964	0.122803986	-0.02901122	0.28674957	-0.028027952	-0.057264443	-0.010292012	21.0	0.7623813	0.011611315	904000	2344.288646221161
113	12.019272	3.1650724	18.015715	7.2908974	6.0	3.7749171	12.0	0.0	1000.0	5692.0	0.006241228070175439	1.2669151	0.56725	2.2831364	-0.09237288	0.32701638	0.41872713	4.2435675	-3.1494403	0.026209509	-0.021141082	0.18475366	-0.0007440746	-0.060852967	0.22274913	3.2435675	-0.1	3.0402734	1.0376098	5.819309	0.10277221	0.12826489	-0.043023385	0.74776345	-0.122543156	0.026209533	-0.0195571	8.0	0.7462009	0.01196145	912000	2364.318608045578
114	10.6489105	4.2931514	15.980186	3.7497406	6.75	7.292976	24.0	0.0	1000.0	5746.0	0.006245652173913044	1.1355745	0.54642427	2.1244419	0.071450695	0.5212537	0.5169975	9.195761	-3.787846	0.00077370886	-0.024111021	0.07443534	-0.0009330809	-0.025141036	0.37418115	8.195761	-0.1	2.8888578	1.0443405	5.670231	0.1543271	0.12211436	-0.059414342	1.6498102	-0.60110927	0.0007737107	-0.024605293	12.0	0.7439183	0.016779369	920000	2384.122807741165
115	10.007042	2.529383	12.546477	4.6815567	9.75	11.333027	36.0	1.0	1000.0	5824.0	0.006275862068965517	1.135184	0.556199	2.1933985	-0.16933565	0.8438357	1.120069	10.228174	-0.19844629	0.009556761	-0.00950359	-0.5212591	-0.00016152859	0.19228025	0.97760135	9.228174	-0.1	2.872979	1.0153551	5.9249687	0.090442546	0.15266202	-0.06975765	2.366058	-0.7723136	0.009556785	-0.01574282	2.0	0.74228096	0.018351657	928000	2403.3080167770386
116	10.6038885	4.3704677	19.503878	4.3611264	15.125	14.242871	45.0	3.0	1000.0	5945.0	0.006351495726495727	1.0016443	0.6381866	2.1255736	-0.80059963	1.3456938	1.9506662	11.521937	-0.69024014	0.05600835	-0.022499315	-2.1640456	-0.013027191	0.71733385	1.7542845	10.521937	-0.1	2.9300723	1.042548	5.8662457	0.1369939	0.1736805	-0.071517564	4.371657	-1.8244963	0.056008358	-0.024047561	2.0	0.7425517	0.011434744	936000	2423.1348206996918
117	13.953205	6.661828	20.928125	-0.6190047	6.75	9.3775	25.0	0.0	1000.0	5999.0	0.006354872881355932	1.1940911	0.7281448	2.3633802	-0.5032783	1.2740018	0.818786	9.671683	0.50332814	-0.004327158	-0.0030610277	-0.93799603	-0.006993592	0.3009123	0.8032665	8.671683	-0.1	3.0174594	1.0539671	5.834704	0.15718637	0.16321759	-0.0845181	1.2075315	-0.40024877	-0.0043271612	-0.0077834344	2.0	0.7417394	0.012333601	944000	2441.6945583820343
118	11.721976	6.471122	20.81827	0.110035405	1.5	1.8027756	5.0	0.0	1000.0	6011.0	0.006314075630252101	1.3267976	0.6798453	2.5153093	-0.14764036	0.5889904	0.49697357	5.4823904	-0.09395589	-0.023720527	-0.011070782	0.0037902694	0.00070641586	-0.0157885	0.3669708	4.4823904	-0.1	2.8826532	1.0579882	5.583455	1.0802791	0.2337205	-0.11546456	0.35057583	-0.21433078	-0.023720533	-0.007032944	7.0	0.74008644	0.009064911	952000	2461.8005776405334
119	12.043932	4.4245825	20.927214	5.9691677	18.625	35.20631	110.0	0.0	1000.0	6160.0	0.006416666666666667	1.2836449	0.66646034	2.3363733	-0.16727461	0.383312	0.7634768	9.285429	-0.29707038	0.05616285	-0.019769661	-0.12155845	-0.0005749464	0.037200402	0.5567474	8.285429	-0.1	3.1424646	1.0627829	5.956755	0.19463794	0.21109745	-0.070656225	26.84318	-15.2829685	0.056162827	-0.060466334	1.0	0.73479414	0.06492453	960000	2481.9893028736115
120	10.376935	7.6058187	20.933596	2.3126202	2.25	1.7139137	5.0	0.0	1000.0	6178.0	0.006382231404958678	1.051236	0.7780111	2.4344907	-0.27558938	1.3025805	1.7520362	11.055925	-0.61232924	-0.014741156	-0.0014208443	-1.9532713	-0.01988399	0.64617366	1.5596709	10.055925	-0.1	2.9478292	1.0452598	5.844012	0.21186595	0.20964423	-0.088210426	3.881569	-3.519238	-0.01474115	-0.029604107	1.0	0.7332107	0.05039344	968000	2501.6732110977173
121	12.625025	5.2149696	21.483444	5.357908	15.875	15.333277	49.0	0.0	1000.0	6305.0	0.0064600409836065575	1.318917	0.70024884	2.5105343	-0.5925864	0.78084123	1.2611042	11.238743	-0.43916538	-0.008588956	-0.014982956	-0.9219906	-0.009234369	0.27407855	1.0450736	10.238743	-0.1	2.9481163	1.0559446	5.980249	0.1421927	0.1654578	-0.08100422	5.338139	-1.3880444	-0.008588979	-0.020476516	2.0	0.7321595	0.017609416	976000	2522.0134670734406
122	12.29122	4.0140977	19.358118	8.178432	4.75	4.5483513	13.0	0.0	1000.0	6343.0	0.006446138211382114	1.1623791	0.6652396	2.6068559	-0.42164272	1.0005082	1.0907955	11.699622	-0.15408665	0.00284756	-0.014735833	-0.99195385	-0.011304021	0.2998044	0.93723583	10.699622	-0.1	3.1310248	1.0619175	5.932454	0.48248154	0.20411444	-0.07805663	1.0426778	-0.4756295	0.0028475295	-0.01944335	2.0	0.7312528	0.014788413	984000	2541.875913619995
123	9.288942	7.1773043	22.02314	1.1851449	14.0	23.124662	71.0	0.0	1000.0	6455.0	0.006507056451612903	0.93034285	0.7907572	2.5242724	-0.57912296	0.7094988	1.0747731	9.604572	-0.18737702	-0.03101472	-0.02019964	-0.59929234	-0.007074356	0.1809506	0.9002861	8.604572	-0.1	3.111113	1.05144	5.962789	0.06605075	0.14454465	-0.05929544	13.176871	-1.255887	-0.03101473	-0.054895032	1.0	0.7297822	0.05929566	992000	2562.3403494358063
124	10.620926	7.14304	19.1785	0.9609522	15.875	20.300478	54.0	0.0	1000.0	6582.0	0.006582	0.9768543	0.9043408	2.6072469	-0.6620882	1.3030329	1.0320362	6.977704	0.0894182	0.019812066	-0.0075993156	-1.486789	-0.019683719	0.43152985	0.95003074	5.977704	-0.1	3.177085	1.0839163	6.123653	0.26188445	0.15341488	-0.040116206	7.581661	-1.7892394	0.019812074	-0.015343672	2.0	0.7285955	0.0192301	1000000	2582.7402749061584
125	10.111729	5.6023407	19.207855	1.8324256	5.625	6.5942683	21.0	0.0	1000.0	6627.0	0.006574404761904762	1.1198381	0.75201917	2.6284416	-0.67076945	1.6799856	0.86241233	7.161933	0.7051863	-0.032478474	0.00080659986	-2.3820348	-0.038455248	0.6812174	0.8612397	6.161933	-0.1	3.2601695	1.0832486	6.069727	0.4595582	0.23105551	-0.12476943	2.167439	-1.1536429	-0.03247846	-0.008398242	1.0	0.7273164	0.018258467	1008000	2602.7774555683136
126	9.529067	5.8817277	18.46957	2.4248538	4.875	5.230619	14.0	0.0	1000.0	6666.0	0.0065610236220472445	1.0104576	0.763172	2.455078	-0.3142715	0.48461604	0.40381578	5.7246666	-0.32781067	-0.005403968	-0.016464759	0.15177502	0.007072419	-0.0517245	0.26419416	4.7246666	-0.1	3.2241538	1.0618753	5.973386	0.12066438	0.21464372	-0.13667187	0.5689879	-0.056394696	-0.005403972	-0.013528393	7.0	0.72680426	0.013647294	1016000	2623.1863684654236
127	13.270925	3.7079995	20.469112	9.371156	6.625	7.034513	20.0	0.0	1000.0	6719.0	0.0065615234375	1.2963845	0.55834335	2.3325446	-0.23388276	0.51883745	0.6176065	6.187623	-0.24472848	-0.014954749	-0.006752343	-0.08835328	-0.00031293184	0.010016668	0.4445604	5.187623	-0.1	3.3168013	1.0765928	6.120951	0.14189556	0.20352188	-0.057266265	1.3947717	-0.1966784	-0.014954758	-0.0050380984	2.0	0.72570074	0.0067611267	1024000	2643.6039757728577
128	12.04624	4.4908047	19.232761	3.6883485	23.125	51.052517	158.0	0.0	1000.0	6904.0	0.006689922480620155	1.1616372	0.6480425	2.4964504	-0.15416746	0.7466932	0.90281755	7.557915	-0.08172412	-0.06935302	-0.18239191	-0.5402255	-0.0048907995	0.14659888	0.7406929	6.557915	-0.1	3.4031053	1.1003503	6.0683613	0.10269014	0.23700878	-0.06743191	92.65463	-32.83561	-0.069353014	-0.2706385	2.0	0.7250935	0.19674906	1032000	2663.978133916855
129	10.757746	4.0065703	17.240917	2.6301205	8.75	17.654675	55.0	0.0	1000.0	6974.0	0.00670576923076923	1.2207732	0.59632957	2.4627268	-0.37193745	1.3713567	1.469394	16.318485	0.056934386	0.1325341	0.017237425	-1.7067986	-0.022667289	0.5119552	1.3959078	15.318485	-0.1	3.5732172	1.1146593	6.1594253	0.1265254	0.21939401	-0.09212923	3.9385495	-1.8251784	0.13253412	-0.04571539	1.0	0.7253834	0.092048414	1040000	2683.7266957759857
130	11.471382	5.3922663	18.216282	1.6661282	7.625	8.29062	25.0	0.0	1000.0	7035.0	0.006712786259541984	1.108427	0.73046815	2.4430559	-0.52353024	0.9178432	1.0654539	13.04697	-0.2353586	0.089680314	0.006933823	-0.96949536	-0.011982918	0.25606355	0.89211047	12.04697	-0.1	3.5759575	1.1271945	6.0587583	0.12238778	0.29116562	-0.15520829	1.9599715	-0.39934146	0.08968031	-0.0109258965	1.0	0.7269703	0.033490326	1048000	2703.955041408539
131	8.985868	6.6910224	18.998684	0.6713297	7.5	10.29563	30.0	0.0	1000.0	7095.0	0.00671875	0.9613395	0.7820536	2.7144048	-0.56540185	0.83035254	1.231289	16.305443	-0.10840672	0.05083843	-0.01257275	-0.65777993	-0.018387437	0.19772439	1.1116492	15.305443	-0.1	3.5717323	1.1200055	5.741904	0.10177479	0.24892032	-0.12622374	2.5816844	-0.32970285	0.050838426	-0.024011062	4.0	0.72837627	0.020676982	1056000	2723.9188027381897
132	9.04235	4.3078136	13.385582	-0.9321084	8.75	7.066647	25.0	1.0	1000.0	7165.0	0.006734022556390978	0.93299294	0.80975246	2.2752953	-0.66822684	0.8553078	0.6799015	5.5316534	0.022069097	0.07124939	-0.0060527995	-0.37580162	-0.0044691265	0.096381225	0.57521725	4.5316534	-0.1	3.6974175	1.1087128	6.2320323	0.28249443	0.15753543	-0.064906076	1.3440183	-0.21953559	0.07124937	-0.018690992	2.0	0.7317257	0.030063545	1064000	2743.8952779769897
133	8.62199	7.114624	21.41695	-1.1502963	3.875	2.666341	8.0	0.0	1000.0	7196.0	0.006712686567164179	0.71188986	0.7234261	2.3211706	-0.41867435	0.65009564	0.59018135	5.848886	-6.206317	-0.021661421	-0.021948101	-0.06633038	-0.005292177	0.020638142	0.46273777	4.848886	-0.1	3.7007267	1.0909756	6.0480194	0.080332436	0.21199164	-0.07996437	0.50015026	-0.09679985	-0.021661388	-0.01940052	15.0	0.7328788	0.013253094	1072000	2762.4768397808075
134	7.5269933	5.2920904	15.731429	-0.7109816	8.5	6.819091	24.0	0.0	1000.0	7264.0	0.006725925925925926	0.9248025	0.685476	2.763989	-0.37047666	0.67292607	1.0520945	13.449308	-0.15757737	0.007837351	-0.0275418	-0.6213758	-0.008269131	0.14175516	0.90566385	12.449308	-0.1	4.076768	1.1026409	6.464831	0.109649	0.19746982	-0.09406547	1.6049075	-0.26381683	0.007837351	-0.03492316	4.0	0.73202324	0.016518367	1080000	2782.2555825710297
135	7.146027	5.6947536	16.945162	0.566254	6.75	6.7221646	21.0	0.0	1000.0	7318.0	0.00672610294117647	0.7290646	0.6460156	2.2764397	-0.28875187	0.68393004	0.7947562	5.6895094	-2.4470613	-0.015836064	-0.008146109	-0.29383075	-0.0023003519	0.07213637	0.6785408	4.6895094	-0.1	4.0040765	1.0527971	6.189613	0.08678518	0.10438003	-0.02883692	1.075268	-0.098513365	-0.015836058	-0.024085155	2.0	0.7302828	0.026934154	1088000	2801.9157888889313
136	9.773193	4.762313	18.700575	3.2174942	13.375	21.69065	68.0	0.0	1000.0	7425.0	0.00677463503649635	0.9240426	0.6662439	2.469589	-0.5866864	0.8485797	0.9884292	5.96691	0.048485875	0.11917288	-0.030098729	-0.67331743	-0.005564034	0.16763042	0.87879825	4.96691	-0.1	4.0035305	1.0665774	6.4543386	0.1928485	0.19421136	-0.04909414	12.756414	-4.2793846	0.11917288	-0.06970467	1.0	0.72915196	0.07077261	1096000	2822.153916835785
137	11.888296	6.1814103	22.467035	2.801976	7.125	4.1363482	12.0	0.0	1000.0	7482.0	0.0067771739130434785	0.93420976	0.9003399	2.5007915	-0.8208189	1.1554829	1.6892356	8.201003	-0.059034616	-0.10204637	0.00091570616	-2.3271594	-0.021502018	0.5219951	1.5271926	7.201003	-0.1	4.038161	1.0786673	6.472693	0.50961256	0.22438437	-0.12083762	2.0353634	-0.97277904	-0.102046385	-0.008598931	1.0	0.72829473	0.022050956	1104000	2842.075232028961
138	12.506458	5.28496	21.884943	4.176769	6.0	4.8733974	13.0	0.0	1000.0	7530.0	0.00677158273381295	1.2907754	0.58156914	2.4760172	-0.10026151	0.7563954	0.7959198	7.052822	0.071639985	-0.0039286474	-0.008568223	-0.4041501	-0.0033120513	0.08501708	0.6905947	6.052822	-0.1	4.075042	1.0808159	6.405071	0.22548988	0.14468671	-0.04052878	0.8493656	-0.08283138	-0.0039286558	-0.013384029	2.0	0.72766745	0.01404458	1112000	2862.1093027591705
139	9.409342	6.0516734	22.200254	1.5920314	13.75	13.432703	36.0	0.0	1000.0	7640.0	0.006821428571428571	0.97753346	0.7287385	2.3290453	-0.51356447	0.86344165	0.95970976	6.904605	-0.06867021	-0.025858408	-0.01592105	-0.8438397	-0.0070667863	0.17947921	0.82442176	5.904605	-0.1	4.2914815	1.0609406	6.266651	0.157423	0.12339921	-0.034623884	4.2547245	-0.49930692	-0.025858423	-0.033836737	2.0	0.72714615	0.03700245	1120000	2881.834941148758
140	12.089401	2.6731594	15.774649	7.555119	4.375	4.385701	13.0	0.0	1000.0	7675.0	0.0068040780141843974	1.1655105	0.6265679	2.5195906	-0.20593156	0.97956	0.7542979	13.293925	0.30302364	-0.028945256	-0.0072824657	-0.58871955	-0.009345651	0.121833965	0.69999146	12.293925	-0.1	4.1588793	1.0617157	6.4527664	0.12992726	0.12781323	-0.04229354	0.74257255	-0.3125416	-0.02894525	-0.014444346	4.0	0.7273648	0.015693594	1128000	2902.0877063274384
141	7.7159214	3.6615245	13.10371	0.7478187	5.375	6.3035207	17.0	0.0	1000.0	7718.0	0.006794014084507042	0.94906175	0.52842766	2.2398686	-0.102586046	0.44505405	0.377373	5.485803	-0.078600496	-0.015379719	-0.015549509	0.24929017	0.004959047	-0.06084173	0.252077	4.485803	-0.1	4.3292003	1.0469896	6.4322147	0.18521151	0.16465217	-0.104567505	1.1699876	-0.08641994	-0.01537972	-0.015664075	7.0	0.7277665	0.011520038	1136000	2922.2421300411224
142	12.997395	6.015594	21.969294	0.2874976	8.625	8.688174	29.0	0.0	1000.0	7787.0	0.006806818181818182	1.0796965	0.6007101	2.374684	-0.44312727	0.59981567	0.7063968	6.7486277	-0.055010438	0.042734485	-0.00867394	-0.1807287	-0.00070266426	0.030487522	0.5856976	5.7486277	-0.1	4.4659605	1.0784281	6.453535	0.2165956	0.24786651	-0.110345036	1.6558738	-0.24471045	0.042734504	-0.009129934	2.0	0.72582734	0.0074951774	1144000	2942.6797337532043
143	12.99655	5.8646026	19.51807	4.1579294	2.375	4.5259666	14.0	0.0	1000.0	7806.0	0.006776041666666666	1.3023543	0.73540336	2.3881974	-0.1722041	0.7396146	0.3053846	4.7299223	0.22206897	0.013082449	-0.0056458246	0.20748438	0.000849396	-0.04845949	0.23251706	3.7299223	-0.1	4.313788	1.0478412	6.3378778	0.17075975	0.115103975	-0.033583373	0.7184673	-0.31548828	0.013082455	-0.006442116	2.0	0.7250581	0.006157817	1152000	2962.5134842395782
144	12.045755	5.776567	20.859413	3.4292731	2.0	3.2015622	10.0	0.0	1000.0	7822.0	0.006743103448275862	1.2365541	0.79748476	2.4558306	-0.34745136	0.28247264	0.2082996	2.9053655	-0.22147891	-0.0072351703	-0.0046242075	0.41185173	0.0012621582	-0.09455172	0.05927874	1.9053655	-0.1	4.3701506	1.059367	6.4546447	1.4406726	0.15861966	-0.046059772	0.2768271	-0.017169863	-0.007235181	-0.0017628656	2.0	0.724306	0.004227912	1160000	2983.0088300704956
145	10.335876	4.95518	21.478485	4.165509	6.625	4.1212106	16.0	2.0	1000.0	7875.0	0.006742294520547945	1.2070947	0.6924352	2.4894593	-0.21637617	0.31661505	0.3684534	4.1905384	-0.21647996	0.007743654	-0.005848927	0.27265242	0.0010722578	-0.06424349	0.20752859	3.1905384	-0.1	4.3781757	1.0525901	6.411935	0.43116805	0.20511362	-0.07522003	0.55954224	-0.17068896	0.0077436566	-0.01261167	3.0	0.7231343	0.018618071	1168000	3003.3252663612366
146	11.9598255	5.9326673	19.844625	2.1647599	6.0	6.538348	20.0	0.0	1000.0	7923.0	0.0067372448979591834	1.1375098	0.6292075	2.1784034	-0.31465128	0.5043105	0.5461909	5.771251	-0.10822314	-0.010438707	-0.010809369	0.0258192	-2.5318936e-05	-0.012399914	0.41891998	4.771251	-0.1	4.2760243	1.0606855	6.445834	0.1703231	0.17589964	-0.07114644	1.168313	-0.26875323	-0.010438724	-0.008492005	2.0	0.72165596	0.007987715	1176000	3022.945274591446
147	10.475508	2.3386662	14.151289	6.997863	25.0	37.78558	123.0	0.0	1000.0	8123.0	0.006860641891891892	1.2622068	0.5402154	2.317544	0.042353556	1.0463676	1.2450546	9.834033	-0.733525	0.11799236	-0.051987007	-1.7026509	-0.0061672926	0.36772755	1.0825237	8.834033	-0.1	4.3951993	1.050881	6.5381804	0.28172302	0.21215802	-0.09613591	27.884388	-9.996096	0.11799235	-0.07070424	2.0	0.7208673	0.032097228	1184000	3042.6582531929016
148	14.23591	3.7320905	18.58837	8.050655	1.625	2.9553976	9.0	0.0	1000.0	8136.0	0.006825503355704698	1.3111206	0.44063172	2.1849644	0.27370816	1.1354661	0.91103506	8.565551	0.091919005	-0.0063446923	-0.008542711	-1.1909117	-0.005424857	0.260776	0.8440739	7.565551	-0.1	4.303938	1.0570796	6.483366	0.31477845	0.21620664	-0.08723131	1.6367218	-1.3219908	-0.006344699	-0.02267632	2.0	0.7202741	0.026036216	1192000	3061.8894414901733
149	12.507805	4.8726144	19.248383	2.6076276	1.0	2.6457512	8.0	0.0	1000.0	8144.0	0.0067866666666666665	1.3310769	0.6585402	2.6093612	-0.2908727	0.28224707	0.3410028	5.493808	-0.371302	-0.016936822	-0.024375176	0.35448176	0.0027119815	-0.08124253	0.19664767	4.493808	-0.1	4.446766	1.0739307	6.3561845	0.20617063	0.13848099	-0.050847724	0.20965324	-0.05224134	-0.016936826	-0.019148374	24.0	0.71931934	0.013063908	1200000	3081.2342987060547
