Epoch	AverageEpRet	StdEpRet	MaxEpRet	MinEpRet	AverageEpCost	StdEpCost	MaxEpCost	MinEpCost	EpLen	CumulativeCost	CostRate	AverageVVals	StdVVals	MaxVVals	MinVVals	AverageCostVVals	StdCostVVals	MaxCostVVals	MinCostVVals	LossPi	DeltaLossPi	LossMu	DeltaLossMu	AverageViolation	StdViolation	MaxViolation	MinViolation	AverageMultiplier	StdMultiplier	MaxMultiplier	MinMultiplier	LossV	DeltaLossV	LossVC	DeltaLossVC	Penalty	DeltaPenalty	StopIter	Entropy	KL	TotalEnvInteracts	Time
0	-4.406272	2.464396	0.12548497	-8.890186	12.744024	13.190109	42.296066	0.0	1000.0	101.95219	0.012744023323059081	-0.9723802	0.31548265	0.08972797	-1.5151864	0.49625546	0.68821007	1.3843834	-0.98666525	-0.069845684	-0.07123316	0.072609164	-0.04505028	-0.07359133	0.14557257	0.38438344	-0.2	1.069294	0.1700285	1.5593224	0.58555496	0.9889767	-0.43546098	5.415086	-1.3596387	-0.069845684	-0.06248849	79.0	1.837877	0.008389846	8000	21.35330629348755
1	-5.109276	3.6263099	-0.3011844	-10.568456	10.821392	7.6577106	22.599348	0.0	1000.0	188.52333	0.011782708168029786	-0.5248943	0.20001669	0.23482643	-1.1073937	1.0507894	0.28223372	1.8922651	0.00388479	-0.0042330823	-0.003937137	-0.05298243	0.0002602376	0.07283611	0.24936007	0.8922651	-0.2	0.67731327	0.2669815	1.6305568	0.25709507	0.6353148	-0.18511248	2.9483178	-0.69358635	-0.004233053	-0.0013629287	2.0	1.8486484	0.007844154	16000	39.34119939804077
2	-3.2043543	2.5693922	2.297903	-6.2616735	7.2257204	13.8336	42.43729	0.0	1000.0	246.32909	0.010263711929321288	-0.47012243	0.48041272	0.95731074	-1.7150146	0.9570858	0.6251078	3.2906344	-0.39814496	0.00082544563	-0.0042104023	-0.074864745	0.00014082342	0.11967134	0.49117365	2.2906344	-0.2	0.68071616	0.26812723	1.6867961	0.25062314	0.44084552	-0.08378816	2.882113	-0.7256217	0.00082543277	-0.00056463433	4.0	1.8491964	0.009496784	24000	56.50544714927673
3	-2.6824741	2.9544628	0.8211839	-7.354	12.310068	14.469818	45.27808	0.0	1000.0	344.80963	0.010775300979614258	-0.31457397	0.4786774	1.1664898	-1.6922897	0.9597341	1.1353662	4.944572	-0.80690336	0.0015737248	-0.023998225	-0.23468122	-0.26800188	0.3468805	0.824073	3.944572	-0.2	0.6751824	0.27286154	1.7934322	0.24437667	0.24576525	-0.03695482	3.316149	-0.8490498	0.001573726	-0.014613235	79.0	1.8497345	0.0064315535	32000	75.09136486053467
4	-0.73975664	2.3125186	4.044691	-4.1059666	25.544567	17.691828	50.537262	0.046181235	1000.0	549.1662	0.01372915496826172	-0.18221043	0.50840324	1.2159483	-1.8121475	1.8156137	1.4228027	6.326474	-0.62661403	-0.015027206	-0.056604583	-1.3682566	-1.1022713	0.9659289	1.2664874	5.326474	-0.2	1.3977373	0.4565362	2.4660952	0.34168637	0.28056043	-0.09887235	5.637421	-2.4406629	-0.015027206	-0.05726668	62.0	1.823309	0.012457751	40000	93.45479011535645
5	0.5631799	2.3957012	4.8016877	-2.8071659	21.815994	13.301938	43.671337	0.0	1000.0	723.69415	0.015076961517333985	-0.036162384	0.41884512	1.631071	-1.8318058	2.2214937	2.1871028	9.40519	-1.5439569	0.03326198	-0.0037850253	-3.8525567	-0.09307933	1.5403013	1.8326813	8.40519	-0.2	2.5247743	0.62083	3.3279493	0.6237955	0.14531542	-0.027670093	4.654587	-0.8433268	0.033261992	-0.013100745	2.0	1.8264015	0.021796547	48000	110.48049926757812
6	-2.2244573	1.4470077	0.6090353	-3.8819487	12.520337	21.984747	68.2059	0.0	1000.0	823.8568	0.01471172877720424	-0.07780134	0.29655275	0.89363074	-0.9618968	1.4182509	2.197536	9.585715	-0.8738107	-0.014294007	-0.010034404	-2.28503	-0.21056294	0.89905435	1.8795451	8.585715	-0.2	2.5148215	0.6517147	3.3012457	0.61773133	0.24992734	-0.07526973	2.9757519	-0.5681009	-0.014294	-0.011221444	10.0	1.8276193	0.012604521	56000	127.46283888816833
7	-1.8075013	1.1857961	0.7109135	-3.3967025	16.055971	16.123264	35.663174	0.0	1000.0	952.3046	0.014879759788513183	-0.27410108	0.5761142	1.0233266	-1.986773	1.3229333	1.9696782	9.961502	-1.6625077	0.015264516	-0.015839042	-2.1482155	-0.17319131	0.7816756	1.6465081	8.961502	-0.2	2.75162	0.6805749	3.6086967	0.7324215	0.136762	-0.042489	2.4795487	-0.6200805	0.015264502	-0.01904571	11.0	1.8310182	0.011857586	64000	144.61263132095337
8	-0.65032846	1.7573948	1.0835271	-4.3813634	22.616402	17.203808	58.210983	0.0	1000.0	1133.2358	0.01573938666449653	-0.08559303	0.38141257	0.9102747	-1.1369948	2.1411169	2.3000972	10.681909	-0.7946158	0.01675876	-0.03355	-4.398924	-0.89641476	1.4727784	1.9940088	9.681909	-0.2	2.982932	0.7004361	3.833702	0.79286826	0.16263953	-0.02548325	3.6575024	-0.6811857	0.016758747	-0.041940108	29.0	1.8335383	0.013547466	72000	161.64133620262146
9	-1.0024188	1.4251711	1.1547265	-4.089471	15.979893	17.149258	53.06451	0.0	1000.0	1261.075	0.015763436889648437	-0.090486266	0.37577406	0.9605411	-1.3816216	1.7565393	2.1651065	9.894754	-0.90773386	-0.02375878	-0.0067110322	-3.8987944	-0.068155766	1.0961311	1.9089383	8.894754	-0.2	3.5534296	0.7861699	4.5203247	1.0658722	0.17241576	-0.026666135	3.3025098	-0.83329344	-0.023758775	-0.022231469	2.0	1.8069394	0.020881139	80000	178.6188027858734
10	-2.9462428	0.9637258	-1.1056718	-4.372585	4.004166	4.260926	9.839557	0.0	1000.0	1293.1083	0.014694412231445313	-0.0851729	0.5028794	2.0079882	-1.9067426	0.88658595	1.6523846	8.59864	-0.93004626	0.0015794019	-0.035941914	-1.5338387	-0.21974945	0.43652326	1.3352022	7.5986404	-0.2	3.5741997	0.7883337	4.612619	1.077875	0.25792223	-0.07719779	1.9400021	-1.4406936	0.001579405	-0.036463972	30.0	1.804002	0.013216918	88000	196.14544653892517
11	-0.9042016	2.0568676	2.2734795	-4.7939754	7.443012	6.1438136	17.714355	0.0	1000.0	1352.6523	0.014090128580729167	-0.22851123	0.4220834	1.7913569	-1.8663098	0.35766667	0.6803143	3.9012425	-0.36260563	0.00507763	-0.01162751	0.22432318	0.005761385	-0.051404286	0.3985342	2.9012425	-0.2	4.0810876	0.8182914	5.009251	1.3635701	0.25700733	-0.06467548	1.4915371	-0.3460083	0.005077627	-0.01493804	10.0	1.8011582	0.01203456	96000	213.16506171226501
12	-3.4719887	3.2699409	-0.39720732	-10.044357	7.3858843	11.481169	28.470966	0.0	1000.0	1411.7395	0.013574418288010818	-0.22688565	0.39535722	1.1760364	-1.8695661	0.5214774	1.2515241	9.781928	-0.49735594	-0.0012468713	-0.015646886	-0.65455127	-0.01428175	0.16652295	0.97072494	8.781928	-0.2	4.1850777	0.83155805	5.191334	1.4154563	0.30786887	-0.08880861	0.99479634	-0.361512	-0.0012468923	-0.016533345	11.0	1.7975672	0.011795781	104000	230.15202236175537
13	-2.204704	0.8713841	-0.53114945	-3.6781955	6.7514772	8.936742	24.427252	0.0	1000.0	1465.7513	0.01308706556047712	-0.35351714	0.51603776	1.0723815	-2.5009725	0.62079775	1.3115118	8.128996	-0.33102065	-0.0073108664	-0.0039356435	-0.72943145	-0.0032746196	0.17311652	1.09564	7.128996	-0.2	4.2685103	0.83515817	5.2770944	1.4795904	0.18066892	-0.04217592	0.9780946	-0.25809276	-0.0073108682	-0.006417781	2.0	1.7886255	0.017697647	112000	247.2388527393341
14	-0.5852397	2.8836389	5.940726	-4.4858418	3.7384272	5.158459	12.613241	0.0	1000.0	1495.6587	0.012463822428385417	-0.10748486	0.4183425	0.9764443	-1.4729757	0.63027996	1.5109656	10.542326	-1.8195667	0.0021554516	-0.0028295899	-1.0756315	-0.004749894	0.25391576	1.2506195	9.542326	-0.2	4.3426104	0.8260033	5.281616	1.4928653	0.29228044	-0.116526365	0.9013194	-0.4387729	0.0021554464	-0.00554609	2.0	1.7866457	0.016147697	120000	264.2678792476654
15	-1.5957654	1.6740376	1.2558527	-4.069856	9.114889	8.14221	28.77337	0.85936356	1000.0	1568.5778	0.012254513740539551	-0.032791212	0.49219984	1.6180156	-2.033643	0.8618486	1.2494755	8.776907	-0.42857677	0.017589489	-0.012309068	-1.279988	-0.0107752085	0.2993587	0.98638886	7.776907	-0.2	4.450227	0.8028897	5.305772	1.5218797	0.16987869	-0.043165877	1.57398	-0.24358058	0.017589485	-0.02777807	5.0	1.7851267	0.019883545	128000	281.09887290000916
16	-1.9770784	1.5755256	0.85064113	-4.5733337	4.1812453	7.7654347	24.188272	0.0	1000.0	1602.0278	0.011779616411994485	-0.0989727	0.46630058	0.881762	-1.7948655	0.38625196	0.84046865	7.965344	-0.47774684	-0.030784724	-0.0370085	0.1362703	0.0016775131	-0.027512694	0.6421397	6.965344	-0.2	4.514174	0.79480314	5.3201685	1.5861149	0.10905198	-0.021197423	0.73630214	-0.13588226	-0.03078472	-0.03910289	57.0	1.7836063	0.012269409	136000	299.17812991142273
17	-1.0608928	2.467349	4.8483343	-3.9812353	3.7900548	4.8403945	12.970229	0.0	1000.0	1632.3483	0.011335751851399739	-0.031129463	0.455526	2.0538588	-1.5903695	0.58649135	0.8935889	5.5589395	-0.39935172	0.022965709	-0.034934707	-0.29154074	-0.0034089684	0.069278106	0.6362692	4.5589395	-0.2	4.6097336	0.8061742	5.4880743	1.6696367	0.115758315	-0.03245773	1.0396245	-0.26513273	0.022965698	-0.038160954	36.0	1.7750132	0.013148743	144000	316.7916431427002
18	-0.4264213	1.274383	1.9460576	-2.308881	3.2754564	3.419882	9.934071	0.0	1000.0	1658.5519	0.01091152552554482	-0.08602416	0.53534275	1.600966	-2.03839	0.43375444	0.5219699	4.173251	-0.620901	-0.012875431	-0.026651245	0.47705463	-0.011385262	-0.1021724	0.29999322	3.1732512	-0.2	4.633159	0.79373884	5.497429	1.6730232	0.2076663	-0.051382586	0.55638474	-0.062502354	-0.012875422	-0.020593993	79.0	1.7588406	0.010595807	152000	335.1847434043884
19	2.4880743	3.9366486	10.098462	-3.093833	3.2926073	2.296898	6.979444	0.0	1000.0	1684.8927	0.010530579376220704	0.14005975	0.41622248	1.5468305	-1.1664197	0.42062476	0.41010654	2.5999525	-0.49540773	-0.0046378723	-0.024809416	0.6206389	-0.03781724	-0.13978845	0.18648851	1.5999525	-0.2	4.453291	0.7963334	5.37317	1.6341655	0.19431503	-0.05987653	0.30051336	-0.022894949	-0.0046378653	-0.018738935	79.0	1.741396	0.010604873	160000	353.44672560691833
20	2.9683597	3.3517578	9.446173	-1.3254242	5.3520246	6.35578	15.277763	0.0	1000.0	1727.7089	0.010283981323242188	0.23393835	0.61969876	2.1640735	-1.9121532	0.2821432	0.44694537	6.8031383	-0.43278855	0.0092291515	-0.009373445	0.6345627	-0.0033376813	-0.14743532	0.26577815	5.8031383	-0.2	4.261377	0.7817502	5.090228	1.4284209	0.15390019	-0.052895978	1.3003385	-0.5852599	0.009229154	-0.010516645	3.0	1.746669	0.010140426	168000	369.6920931339264
21	3.304268	2.6925492	8.087681	-0.64896834	6.070355	5.9403214	16.001461	0.0	1000.0	1776.2717	0.010092453002929687	0.36577922	0.4836559	1.9028336	-1.3453094	0.63189	1.2745385	7.96569	-0.83180004	-0.023843024	-0.0058942866	-0.80376977	0.0026445389	0.1887587	0.9961405	6.96569	-0.2	4.1491013	0.7877965	5.073699	1.4317477	0.15102576	-0.020570055	0.9023008	-0.28740835	-0.023843022	-0.014071887	4.0	1.7450635	0.016568001	176000	386.42805671691895
22	2.416395	3.6685877	6.357094	-5.5004783	1.3426921	2.4115462	7.5065846	0.0	1000.0	1787.0133	0.009712028835130775	0.3779733	0.46321756	1.9487575	-1.3851084	0.2818661	0.7105374	5.161659	-0.5140343	-0.007836287	-0.019751202	0.2629236	-0.010374606	-0.061631616	0.4626364	4.161659	-0.2	4.128191	0.78909886	5.0266943	1.4049731	0.21765897	-0.047702402	0.39573613	-0.21861032	-0.007836268	-0.014877233	79.0	1.7428944	0.0109302085	184000	404.4748361110687
23	2.0754566	2.2884192	6.498555	-0.4604369	4.5308633	4.280593	12.288847	0.0	1000.0	1823.2603	0.00949614715576172	0.30637023	0.5865954	2.103234	-2.0834286	0.19882537	0.34378505	3.73014	-0.23139244	0.017315999	-0.028275749	0.68315107	-0.029599845	-0.1702915	0.16194849	2.73014	-0.2	3.956542	0.77570206	4.9157696	1.3187267	0.2124506	-0.06596339	1.0206699	-0.33087754	0.01731597	-0.021250393	49.0	1.7399943	0.012119739	192000	422.0280456542969
24	1.3181475	1.8545543	3.9240963	-2.0188491	2.8439767	3.1798518	8.9132595	0.0	1000.0	1846.012	0.009230059814453125	0.21234378	0.3801454	1.3448507	-1.215196	0.3820223	0.58141065	4.5249963	-0.24135882	-0.0077526164	-0.026093867	0.34617966	-0.018758655	-0.0932073	0.3697731	3.5249963	-0.2	3.8068721	0.7562306	4.75619	1.2080877	0.13247569	-0.031049252	0.4074284	-0.08949521	-0.0077526206	-0.017350461	54.0	1.7191725	0.01214674	200000	439.6402282714844
25	2.7581377	2.6631353	6.397092	-1.3371345	8.492043	8.3788185	22.413643	0.0	1000.0	1913.9484	0.00920167482816256	0.1696198	0.48816276	1.2749915	-1.861876	0.33959052	0.61459136	6.2024117	-0.19423813	0.00785372	-0.00852468	0.36329237	-0.0018139184	-0.10047834	0.43595353	5.2024117	-0.2	3.603165	0.77279186	4.500551	1.1312268	0.18524258	-0.056727037	3.5448053	-1.802462	0.007853724	-0.006846146	3.0	1.7104871	0.012934976	208000	456.5635185241699
26	2.669722	4.077917	10.78618	-2.996094	3.0162795	5.0936193	14.442194	0.0	1000.0	1938.0786	0.00897258617259838	0.2459188	0.5338187	1.5376714	-1.8420883	0.44189966	1.1505274	8.513221	-0.5715609	0.000732935	-0.003143833	-0.2728096	0.0005032718	0.07937378	0.9094167	7.513221	-0.2	3.6565766	0.7519942	4.5653987	1.0828948	0.11063448	-0.015399419	1.017833	-0.34660727	0.0007329446	-0.01404565	2.0	1.7102178	0.017072042	216000	473.55666184425354
27	2.8749092	4.721273	10.807031	-2.5526557	3.1235263	3.1404064	9.620833	0.0	1000.0	1963.0668	0.008763690948486329	0.34659842	0.53238314	1.8460652	-1.1644942	0.54018056	1.0221905	6.8110223	-0.37599236	-0.0014140393	-0.000162413	-0.26653382	0.00037634373	0.072430834	0.80571043	5.8110223	-0.2	3.5570903	0.7754009	4.5182247	1.0548089	0.1692884	-0.03727296	0.5713847	-0.26511988	-0.0014140406	0.0005115581	2.0	1.7100265	0.016322799	224000	490.56592297554016
28	0.92903113	3.2859519	5.2581105	-4.144587	6.739705	8.793007	28.885914	0.0	1000.0	2016.9845	0.008693898694268589	0.10351446	0.48131773	1.6902754	-1.2349087	0.3185025	0.6807512	5.4424133	-0.24609587	-0.011906185	-0.025083724	0.2663319	-0.0043103695	-0.06729353	0.43799442	4.4424133	-0.2	3.723179	0.72682244	4.523777	1.1291652	0.10331578	-0.028060809	2.8153162	-1.7193496	-0.011906196	-0.027356487	26.0	1.7100148	0.013364379	232000	507.83551502227783
29	3.564776	3.0195713	7.628405	-1.1694701	2.200653	3.2634726	10.043785	0.0	1000.0	2034.5897	0.008477457173665364	0.23718226	0.4938247	1.3817866	-1.6303049	0.46937147	1.0464822	7.1009474	-0.52716935	-0.0009153524	-0.023699628	-0.30174765	-2.6404858e-05	0.08867363	0.763038	6.1009474	-0.2	3.5704691	0.7616168	4.4255013	1.0555168	0.16568722	-0.05464162	1.1192952	-0.6898317	-0.0009153385	-0.024641007	22.0	1.7145268	0.012717	240000	524.9526278972626
30	1.9750624	3.3662236	10.401079	-1.4166913	2.5051866	3.4607263	9.971235	0.0	1000.0	2054.631	0.008284802836756552	0.27113995	0.45833704	1.5247467	-1.3794203	0.23556961	0.20660543	2.1191387	-0.16653542	0.013907167	-0.020728191	0.6876152	-0.059113503	-0.19309488	0.060176484	1.1191387	-0.2	3.5720675	0.76070476	4.4669333	1.0334473	0.1558891	-0.029690027	0.44079602	-0.07904351	0.013907185	-0.008621672	79.0	1.7046111	0.008593259	248000	543.0026023387909
31	4.9050865	3.73938	10.48911	-3.1933722	15.25623	15.055095	52.5162	1.0104295	1000.0	2176.681	0.008502659797668457	0.43070966	0.48453292	1.6739928	-1.6930089	0.47783583	0.82238346	8.670628	-0.3263352	-0.011011651	-0.029748524	0.07440573	-0.0018639416	-0.022475319	0.63834316	7.6706276	-0.2	3.219018	0.7478146	4.1901007	0.885417	0.18116343	-0.03284435	5.6185956	-1.8789392	-0.011011639	-0.03356386	17.0	1.6838174	0.011904494	256000	560.2567486763
32	3.289941	2.5082808	6.7679667	-0.39055917	5.384589	7.1696	20.05922	0.0	1000.0	2219.7578	0.00840817353219697	0.42833456	0.565155	1.6604416	-1.7982229	1.0917703	1.3800068	13.483641	0.13592713	-0.0035938811	-0.01120279	-0.7322794	0.002209127	0.2403043	1.325144	12.483641	-0.2	3.1405156	0.74082667	4.0200157	0.8431412	0.123578265	-0.0374899	1.3394198	-0.7130683	-0.0035938853	-0.013945249	8.0	1.6823287	0.016619967	264000	577.2437059879303
33	3.704171	3.2692037	9.268582	-2.0003352	7.1925755	8.525207	22.635633	0.0	1000.0	2277.2983	0.00837242036707261	0.34173355	0.42937297	1.535745	-1.3197169	0.845117	1.4209634	9.834303	-0.37832806	0.021141695	-0.008962167	-0.844497	-0.0019761324	0.28512478	1.2243022	8.834303	-0.2	3.1712449	0.7301905	4.0588403	0.85930157	0.16778597	-0.038085386	2.515052	-0.61776257	0.02114169	-0.010807423	3.0	1.68113	0.012967568	272000	594.3584415912628
34	2.1444607	3.0295568	8.415313	-0.87214875	5.1830606	6.5116215	15.686904	0.0	1000.0	2318.763	0.00828129621233259	0.27443266	0.5035048	2.2517836	-1.3750585	0.5995731	0.56720555	6.245099	-0.10172729	0.012420179	-0.024119198	0.24205169	-0.002792582	-0.074807264	0.44471088	5.245099	-0.2	3.1970034	0.7290364	4.0739865	0.8743727	0.1989874	-0.067053124	0.9362842	-0.20390666	0.012420171	-0.025314797	42.0	1.6804312	0.012839817	280000	611.9474589824677
35	5.2196054	2.868401	11.786972	1.5993617	9.114888	10.624044	30.800636	0.0	1000.0	2391.682	0.008304450988769531	0.3659021	0.5118087	2.0583994	-1.7202585	0.46830988	1.1581148	11.312932	-0.5755346	0.005261898	-0.0071630105	-0.08190515	6.712973e-06	0.02034188	1.0038143	10.312932	-0.2	3.1464937	0.7232905	3.987764	0.8394618	0.24036658	-0.052228868	3.863298	-2.2520194	0.005261899	-0.010529621	3.0	1.6953213	0.010479218	288000	629.31303191185
36	4.556469	3.1762457	9.444606	-1.9258649	6.8307056	5.058299	13.991457	0.0	1000.0	2446.3276	0.008264620394320101	0.54924774	0.49510658	1.747972	-1.630596	1.2094934	1.8462672	13.300389	-1.016095	0.032391544	-0.008705167	-1.7336055	-0.0015375614	0.56720495	1.6506901	12.300389	-0.2	3.174105	0.71351707	3.9811532	0.83109426	0.19694187	-0.043634146	2.2742836	-1.4357709	0.032391556	-0.018276453	2.0	1.6968081	0.022203023	296000	646.3993937969208
37	5.6055803	3.4031706	10.447598	-0.53489274	2.4651144	3.0953596	9.0154085	0.0	1000.0	2466.0486	0.008112001921001234	0.47230816	0.544444	1.8979712	-2.2142122	0.40604138	0.82102615	9.032398	-0.43322968	-0.0049680094	-0.003273156	0.19704767	-8.031726e-05	-0.057303946	0.673493	8.032398	-0.2	3.1716673	0.7026967	3.9410455	0.8490702	0.17304157	-0.06144344	0.430363	-0.13776624	-0.0049680024	-0.0023289374	3.0	1.6978705	0.006456801	304000	663.2161114215851
38	8.293848	3.6154926	14.311451	0.88913697	5.830057	5.230092	13.030764	0.0	1000.0	2512.689	0.008053490271935096	0.70065784	0.65065956	1.8351718	-1.5690808	0.3948176	0.60429686	6.120114	-0.24903801	-0.0025024966	-0.005652991	0.3069424	-0.0002848208	-0.09645024	0.44960555	5.120114	-0.2	3.1426368	0.72602206	3.9817643	0.84041476	0.3251768	-0.07881586	0.70291114	-0.13351148	-0.0025025078	-0.0018893403	4.0	1.6987592	0.00809091	312000	680.297590970993
39	5.507779	2.470125	7.034572	-0.8180141	5.44254	4.4762993	14.059213	0.0	1000.0	2556.2292	0.007988216400146485	0.6118236	0.6126419	1.9450723	-1.6046546	0.5076435	0.66854036	7.647326	-0.054388322	0.007696841	-0.025406161	0.23010239	-0.005365446	-0.0668409	0.52022195	6.647326	-0.2	3.1681738	0.71429163	3.953419	0.82762474	0.2425322	-0.04595287	0.9552876	-0.09488815	0.0076968344	-0.023517478	39.0	1.6994228	0.012971767	320000	697.8303980827332
40	3.434464	3.284903	9.513909	-1.3501922	6.0963335	9.685664	29.179134	0.0	1000.0	2605.0	0.007942073170731707	0.49128506	0.5179361	1.7588326	-1.2450958	0.6016707	0.83627564	8.6121645	-0.06456143	0.0046184803	-0.027845914	0.078330435	-0.0076990128	-0.018732578	0.7061367	7.6121645	-0.2	3.161124	0.6740149	3.883614	0.8373306	0.18756601	-0.055507526	1.8453225	-0.67459273	0.004618465	-0.024717506	79.0	1.6814144	0.0111431675	328000	716.4764211177826
41	4.4952035	2.926579	7.8990216	-0.6677643	4.0473228	5.3612323	16.38332	0.0	1000.0	2637.3784	0.007849340529668899	0.40229973	0.5934447	1.597774	-1.7989836	0.6881835	1.0748917	10.192209	-0.23393345	-0.011084435	-0.029865626	-0.33188257	-0.004298806	0.10140119	0.9129255	9.192209	-0.2	3.0482087	0.6437314	3.7505977	0.82666683	0.24594557	-0.06930022	1.0608674	-0.43926096	-0.011084436	-0.034265522	27.0	1.6781766	0.013681169	336000	733.9746754169464
42	7.349174	2.8214343	12.62167	4.4173703	6.7741804	7.964604	23.312004	0.0	1000.0	2691.572	0.007824337271756904	0.5726659	0.6128143	2.0647366	-1.4874479	0.42620838	0.73997253	8.476463	-0.29494983	0.015635572	-0.030306611	0.21224284	0.0005001426	-0.07077054	0.593135	7.4764633	-0.2	3.079111	0.6206255	3.7736642	0.83909905	0.28862926	-0.10733412	1.2888272	-0.2782365	0.01563558	-0.030663807	20.0	1.6689904	0.0141347	344000	750.9584283828735
43	5.517571	3.81307	10.060361	0.1774763	3.2868562	3.6153166	11.638987	0.0	1000.0	2717.8667	0.007721212213689631	0.68110305	0.5159695	1.9000084	-1.1257939	0.4973186	0.6351395	5.814451	-0.16413714	-0.008568925	-0.026270278	0.2224883	-0.010481119	-0.075684056	0.50313115	4.814451	-0.2	3.078721	0.6313225	3.8142395	0.8492156	0.19037879	-0.044235557	0.35437915	-0.09274754	-0.008568951	-0.020187255	64.0	1.6698823	0.012121488	352000	768.6000664234161
44	4.624498	2.0061672	7.607358	1.9495503	4.7469616	6.312781	18.865044	0.0	1000.0	2755.8425	0.007655118136935764	0.65972406	0.5385968	1.8283619	-1.3511921	0.43368182	0.6714083	6.634426	-0.31090465	0.0051790234	-0.02987597	0.23356104	-0.018585205	-0.07929053	0.51541066	5.634426	-0.2	2.94861	0.62269205	3.6661692	0.7900943	0.22845858	-0.07337722	1.020146	-0.14316946	0.0051790336	-0.0246014	71.0	1.6771979	0.012174221	360000	786.5672280788422
45	7.8106112	2.2139823	12.015651	5.28597	1.9059392	1.7737476	5.152451	0.0	1000.0	2771.09	0.007530136108398438	0.64309704	0.47985438	1.7068459	-1.5079173	0.4810693	0.42273763	4.157266	-0.19817437	0.0053229206	-0.017264267	0.36747923	-0.046708524	-0.13611177	0.2754236	3.1572661	-0.2	2.700903	0.63426334	3.4352572	0.7172042	0.2699992	-0.06704141	0.2713298	-0.12994634	0.0053229243	-0.0033872526	79.0	1.659332	0.008219073	368000	804.8307967185974
46	8.725248	3.2139468	12.25349	1.2447096	5.639886	3.9545805	12.937498	0.0	1000.0	2816.209	0.007489917511635638	0.8638656	0.49165562	1.724377	-1.3859934	0.27365404	0.38861746	4.305111	-0.44269788	0.003413921	-0.022927469	0.38296312	-0.06911534	-0.1633902	0.20221236	3.305111	-0.2	2.3569093	0.6047989	3.2199078	0.58549297	0.19727209	-0.03715609	0.871731	-0.19293386	0.0034139103	-0.011063027	79.0	1.6491324	0.0102416435	376000	823.2010259628296
47	7.4400063	2.2147143	12.372635	4.0711217	5.2449074	3.7671409	10.814419	0.0	1000.0	2858.1685	0.00744314702351888	0.90012413	0.48634386	1.904615	-1.2471672	0.4349349	0.5719401	7.1746535	-0.3982171	0.013907713	-0.020353528	0.20782357	-0.035649642	-0.1086636	0.4171053	6.1746535	-0.2	1.9447874	0.55075634	2.8702397	0.42687395	0.1861445	-0.033879146	0.5049978	-0.08632818	0.013907715	-0.007624027	79.0	1.6430783	0.008814202	384000	841.4233479499817
48	10.283461	2.6051948	14.238678	6.968678	6.4063053	6.152813	20.674833	0.0	1000.0	2909.4187	0.007421986482581314	0.8157238	0.5370581	1.8340365	-1.5788306	0.5935035	0.84102213	9.737996	-0.33572876	-0.001438809	-0.019056322	-0.002135198	-0.0027623344	-0.0047218553	0.6871906	8.737996	-0.2	1.6327752	0.49976724	2.7407668	0.35158163	0.23886304	-0.06543435	0.8259563	-0.12543285	-0.0014388049	-0.008375208	79.0	1.6246741	0.008241768	392000	859.9408118724823
49	8.505597	1.5187306	10.543337	5.4469805	5.2590003	4.4271817	12.091566	0.0	1000.0	2951.4907	0.007378726806640625	0.922682	0.635842	2.116561	-1.3744471	0.5427598	0.843826	8.353426	-0.54290545	0.0015896016	-0.0211037	-0.00729303	-0.0019064569	8.620262e-05	0.65736085	7.353426	-0.2	1.5398113	0.48333746	2.6814866	0.32201862	0.18271205	-0.062910035	0.75406986	-0.18010002	0.001589594	-0.008882074	79.0	1.5860746	0.009263428	400000	878.1767811775208
50	8.866493	2.2816176	11.387985	3.3032405	5.993601	4.5040784	13.431942	0.0	1000.0	2999.4397	0.0073515678854549635	0.9119017	0.53665686	1.9191033	-1.1130354	0.43115103	0.5340233	9.924442	-0.46046087	0.0007524047	-0.004652445	0.1937819	-0.0001604706	-0.12596843	0.40283635	8.924442	-0.2	1.5297961	0.47749463	2.5855548	0.32475117	0.16879426	-0.04863046	0.9833303	-0.29635155	0.0007523903	-0.0019291823	2.0	1.571536	0.011256249	408000	895.7625303268433
51	8.613665	4.3748183	16.036469	2.6088727	5.5019784	4.904483	13.6046915	0.0	1000.0	3043.4553	0.007315998370830829	0.9819206	0.59442234	2.2092276	-1.3586962	0.78362817	0.8213804	8.378	-0.42779884	-0.00046796078	-0.016983809	-0.108682975	-0.004406266	0.06625312	0.6693502	7.3780003	-0.2	1.5154334	0.48126078	2.6095078	0.3373914	0.26015943	-0.08232862	0.6609073	-0.19003034	-0.00046798706	-0.0126052275	42.0	1.5706487	0.012853832	416000	913.736745595932
52	8.00964	2.8647923	14.39457	4.671835	5.6026764	4.114917	10.61598	0.37559983	1000.0	3088.2769	0.007283671828935731	0.7927251	0.62628764	2.0721087	-1.5583375	0.48329857	0.55433756	5.759324	-0.6113333	0.0024147334	-0.021698607	0.15148742	-0.013565034	-0.09797	0.34054646	4.759324	-0.2	1.5864519	0.46515137	2.5912685	0.35222557	0.21141101	-0.07762951	0.6943139	-0.08917278	0.0024147348	-0.008438012	79.0	1.5725164	0.010445377	424000	932.3718776702881
53	7.8204417	2.158901	12.093492	4.6634707	5.643854	7.0673623	18.656628	0.0	1000.0	3133.4277	0.0072533049406828705	0.86071616	0.599731	1.965824	-1.1277988	0.6750198	0.71470344	7.1957583	-0.38157892	-0.001501528	-0.023701446	0.006767516	-0.00199471	-0.016992172	0.58068275	6.1957583	-0.2	1.4581606	0.44299442	2.494457	0.33516404	0.23574153	-0.03902805	1.2413992	-0.21346462	-0.0015015313	-0.011679653	70.0	1.5652459	0.012284146	432000	950.6799693107605
54	8.371952	5.111939	15.173584	0.051948614	4.2651567	2.9338644	10.425145	0.0	1000.0	3167.5488	0.007198974609375	0.84208816	0.50506985	1.6830881	-0.8955807	0.47614735	0.7725308	10.514272	-0.6019268	-0.0027458216	-0.022688527	0.075010166	-0.0056147203	-0.06108338	0.61104035	9.514272	-0.2	1.3809334	0.4207988	2.4724145	0.3027605	0.21523824	-0.054683924	0.667515	-0.21963406	-0.002745824	-0.012323877	58.0	1.5407108	0.012203271	440000	968.7250652313232
55	9.124815	4.537862	16.153004	2.3933454	4.3093224	4.0156236	9.6624155	0.09792904	1000.0	3202.0234	0.0071473737444196425	0.9411462	0.6015669	1.9158692	-1.1821138	0.43684736	0.71104544	9.934668	-0.5111865	-0.0029463645	-0.023969863	0.094606616	-0.011931062	-0.08424819	0.54460984	8.934668	-0.2	1.2962043	0.41028163	2.4064682	0.27804595	0.18113035	-0.042893693	0.860996	-0.20352042	-0.0029463554	-0.01189103	71.0	1.5034738	0.012385121	448000	986.4398584365845
56	10.038503	2.2641573	13.4532	6.5683484	12.474209	6.555948	23.61044	2.411919	1000.0	3301.8171	0.007240827058490954	1.0357113	0.58675164	2.0978184	-1.103784	0.6958446	1.001241	11.916257	-0.406331	0.0049392795	-0.029742554	-0.09255505	-0.00020561367	0.072502576	0.836919	10.916257	-0.2	1.1633885	0.3831825	2.2410963	0.25522465	0.16952105	-0.046645492	2.5970936	-0.57403255	0.004939265	-0.031043898	24.0	1.4807534	0.016698442	456000	1003.8135504722595
57	8.81404	4.562369	14.486893	0.16855545	8.92832	11.234655	31.911802	0.0	1000.0	3373.2437	0.007269921664533944	0.9826202	0.58140296	2.0062363	-1.0179005	1.1582243	1.1855514	14.402975	-0.3245883	0.0029077677	-0.0031289025	-0.3347333	-0.0015163422	0.27058497	1.1245714	13.402975	-0.2	1.1598259	0.37171593	2.2205403	0.25103688	0.22337161	-0.07062286	2.185062	-0.41874814	0.0029077788	-0.0013015621	2.0	1.4751776	0.0038660371	464000	1021.1203117370605
58	8.275012	4.5404124	13.727411	-1.9822147	5.765774	3.421915	11.616319	1.8643745	1000.0	3419.3699	0.00724442769713321	0.9347676	0.6692096	2.1874175	-0.8436398	0.8151298	0.9680503	7.5530605	-0.28349513	-0.010261276	-0.029659647	-0.14890231	-0.04015374	0.114888325	0.8254538	6.5530605	-0.2	1.1634105	0.36765587	2.185991	0.26220924	0.24054243	-0.05282931	0.90964735	-0.392927	-0.0102612795	-0.016278632	79.0	1.4748963	0.011350244	472000	1039.3895347118378
59	9.796118	2.6081517	13.780215	5.878029	4.8980885	4.3110776	11.599358	0.0	1000.0	3458.5547	0.007205322265625	0.92447686	0.62522423	1.9335016	-1.1005641	0.5750918	0.7015072	10.132992	-0.059645474	-0.0001166138	-0.02356164	0.0872123	-0.0036653727	-0.07186655	0.594874	9.132992	-0.2	1.4201134	0.3630599	2.2676528	0.34309167	0.18043472	-0.042226046	0.6473948	-0.105042994	-0.00011661649	-0.013815247	67.0	1.4410105	0.012129307	480000	1057.4183857440948
60	9.116283	4.824433	17.633501	0.3165965	5.5473924	6.426466	19.713434	0.23821485	1000.0	3502.9338	0.007178143110431609	0.9283176	0.63462317	2.0631063	-0.8684735	0.5330989	0.40930697	3.3581219	-0.12918776	-0.011478623	-0.01610495	0.17005166	-0.036786526	-0.12476237	0.23478425	2.3581219	-0.2	1.4174026	0.35427317	2.2001865	0.3719276	0.21145007	-0.02134642	0.8317605	-0.08196771	-0.011478639	-0.0019449294	79.0	1.4212552	0.009325044	488000	1075.7222430706024
61	11.243356	2.6295485	15.47809	7.1349087	5.739324	7.46031	21.931469	0.0	1000.0	3548.8484	0.007154936267483619	1.0911508	0.5584802	2.1723986	-0.69593596	0.5634759	0.89321834	11.9718485	-0.39419186	0.00039288925	-0.02363612	-0.036408614	-0.0036841482	0.012157147	0.70794654	10.9718485	-0.2	1.1177752	0.31022856	2.0886526	0.27722862	0.20876038	-0.05828029	1.116393	-0.21344715	0.00039289403	-0.009027067	79.0	1.3689516	0.0106622	496000	1094.151569366455
62	11.682077	3.2530634	16.633324	4.792586	7.3603625	6.076068	15.549843	0.0	1000.0	3607.7312	0.007158196827721974	1.0784047	0.5774651	2.1377163	-0.78895456	0.59936684	0.6816672	6.7206297	-0.18648559	-0.008790113	-0.02012578	0.009934398	-0.004143138	-0.027893847	0.5058969	5.7206297	-0.2	1.0733975	0.28179246	1.9157382	0.27786383	0.24973756	-0.07239479	0.81429356	-0.13417405	-0.008790121	-0.006604404	79.0	1.3297875	0.011948879	504000	1112.6313269138336
63	10.569983	3.203995	15.700447	5.096897	5.5011744	4.419736	12.641853	0.8994995	1000.0	3651.7407	0.007132306098937989	1.203652	0.5995825	2.3359938	-1.1261514	0.70109403	0.7751666	7.856332	-0.23014107	0.0014027128	-0.020534178	-0.025240941	-0.0035751145	0.0036877252	0.63439405	6.856332	-0.2	1.0495852	0.27683103	1.8481624	0.28916755	0.21696295	-0.05335827	0.81078386	-0.16000408	0.0014027022	-0.006784596	79.0	1.3136499	0.011357444	512000	1130.9231956005096
64	9.206961	4.8155556	15.322575	2.6584492	6.5952516	5.7532926	15.389598	0.0	1000.0	3704.5027	0.007124043626051683	0.9775785	0.57817	2.0553455	-0.9710183	0.61991614	0.852922	7.5598884	-0.1206602	-0.008178189	-0.021912165	-0.029765552	-0.004740389	0.010863712	0.70051444	6.5598884	-0.2	1.0780971	0.28677136	1.8266379	0.31679425	0.2219874	-0.07718687	1.2693725	-0.20872355	-0.00817819	-0.0067686588	79.0	1.2849882	0.0106873615	520000	1149.2887427806854
65	9.8883915	4.2215605	17.582485	2.9750054	4.245137	3.5526521	10.612049	0.0	1000.0	3738.4639	0.007080423990885417	0.95364076	0.6182647	2.2665355	-0.92939824	0.6436604	0.7391336	9.018966	-0.12766585	0.00090682256	-0.021410815	0.015043764	-0.004463626	-0.03940531	0.6134631	8.018966	-0.2	1.0944499	0.3015624	1.908625	0.2936688	0.30565727	-0.14543238	0.6528568	-0.12354517	0.00090682163	-0.006530194	79.0	1.2562815	0.010553012	528000	1167.6287367343903
66	10.25074	3.5590014	15.969001	6.0826154	11.449587	10.8113	30.073484	0.06594898	1000.0	3830.0605	0.007145635348647388	1.139175	0.53340197	2.1403377	-0.67132694	0.72275794	1.1574926	10.533847	-0.14127378	0.0043403315	-0.02041816	-0.18930313	-0.015591592	0.111558884	1.0142752	9.533847	-0.2	1.0827202	0.3120458	1.9398956	0.2974969	0.19553332	-0.03958665	1.6037687	-0.3643198	0.0043403087	-0.012429093	33.0	1.238399	0.012223052	536000	1184.6548495292664
67	10.1479845	3.865539	16.302233	4.2825537	5.203497	3.194545	10.669071	1.6823806	1000.0	3871.6885	0.007117074405445772	1.0830281	0.6497335	2.2013032	-1.1785287	0.90427166	0.71288306	5.520626	-0.08880495	-0.006784363	-0.02483576	-0.13652247	-0.038710773	0.09078338	0.5884306	4.520626	-0.2	1.1478416	0.32954687	2.0544665	0.34648415	0.24857415	-0.046713978	0.7234215	-0.13676137	-0.0067843655	-0.012428845	78.0	1.2152598	0.012082619	544000	1202.8730897903442
68	10.814246	2.6822348	14.593536	7.1603107	9.200899	5.081599	19.216625	2.7555375	1000.0	3945.2957	0.007147274736045064	1.0917544	0.58360475	2.2642972	-0.89845425	0.915298	0.9927644	12.661664	-0.271831	-0.012047805	-0.0039823633	-0.30869085	-0.003025502	0.16903378	0.84273064	11.661664	-0.2	1.4570935	0.37386748	2.4831524	0.42614385	0.18972434	-0.02393201	1.2269274	-0.17823339	-0.012047791	-0.0020879935	2.0	1.2123525	0.0054477304	552000	1219.7580275535583
69	12.71415	2.0146499	15.966805	10.474478	7.033712	5.3258586	16.32608	0.9933332	1000.0	4001.5654	0.007145652553013393	1.17589	0.5170949	2.1618261	-0.81293815	0.75902575	0.70361775	4.386676	-0.4072811	-0.0072464705	-0.017428545	-0.12916964	-0.008629188	0.05715042	0.48341164	3.3866758	-0.2	1.5220876	0.40583447	2.54841	0.42788455	0.19516034	-0.044075176	1.1026039	-0.17232317	-0.007246465	-0.011590732	22.0	1.2118341	0.012001194	560000	1237.196928024292
70	11.202805	4.8991065	16.523272	-0.42760694	7.8283286	4.668748	13.940311	0.0	1000.0	4064.192	0.007155267419949384	1.2171785	0.59552425	2.121308	-0.5790512	0.70433533	0.7888938	9.262132	-0.04149898	0.0014472347	-0.00450203	-0.034683935	-0.0001504682	-0.0035198058	0.67503893	8.262132	-0.2	1.6345466	0.41807368	2.7134745	0.4538363	0.22539978	-0.059224844	1.2387311	-0.21762383	0.0014472365	-0.0054228143	2.0	1.2047179	0.012085136	568000	1254.2461416721344
71	9.893624	5.201508	17.633415	3.8207421	9.866479	7.0089483	21.93188	0.84874433	1000.0	4143.124	0.007192923651801215	1.0363483	0.6585415	2.3308322	-1.0201503	0.99289054	1.387571	13.930164	-0.21964268	-0.010164831	-0.006999919	-0.55553806	-0.0047596693	0.27091315	1.2583921	12.930164	-0.2	1.5804808	0.4082528	2.7963996	0.45247245	0.25692424	-0.039018005	1.6390309	-0.24560416	-0.010164832	-0.0060250955	2.0	1.2034016	0.0061922786	576000	1271.2112312316895
72	11.089661	4.6731877	18.757074	1.2513195	10.51997	5.7225466	18.12279	0.0	1000.0	4227.2837	0.007238499471586044	1.0886708	0.6562532	2.3250778	-0.6790784	1.1011341	1.2295467	11.164401	-0.1882449	0.0038826976	-0.022366047	-0.5925466	-0.12791336	0.3147245	1.1048822	10.164401	-0.2	1.6224414	0.41499877	2.665274	0.47243717	0.23834297	-0.045816034	0.897083	-0.1592251	0.0038827069	-0.017430527	33.0	1.2033808	0.012728038	584000	1288.6904473304749
73	11.944802	3.838973	15.719363	2.6167972	9.31803	5.5781145	17.378857	0.57815486	1000.0	4301.8276	0.007266600737700591	1.2111228	0.5917053	2.3870025	-0.753917	1.0273378	1.1946319	10.342227	-0.053412512	-0.009550754	-0.025281966	-0.6272377	-0.098157465	0.2611022	1.0738511	9.342227	-0.2	1.9855613	0.48059717	3.2101693	0.54379296	0.18300527	-0.02945137	1.204084	-0.22054929	-0.009550772	-0.024147246	22.0	1.2121599	0.012688602	592000	1306.014479637146
74	12.400178	2.2013507	15.531325	9.256712	8.295088	6.3415947	17.401485	0.24795213	1000.0	4368.1885	0.007280314127604166	1.1945306	0.576243	2.2022874	-0.74785155	0.972104	0.94464207	7.4635243	-0.0619634	0.005138451	-0.0035735308	-0.5055045	-0.008584738	0.19136639	0.81237185	6.4635243	-0.2	2.3773162	0.53833073	3.548159	0.71571803	0.21422203	-0.04961714	1.1480966	-0.20875156	0.00513846	-0.0056873574	2.0	1.2009444	0.008922253	600000	1323.035709142685
75	12.096503	3.1083946	17.026028	8.374302	2.3528917	3.245315	10.656838	0.0	1000.0	4387.0117	0.007215479800575658	1.287332	0.5385003	2.0994272	-0.7768312	0.5630554	0.6222046	8.165463	-0.0854631	-0.019530032	-0.024552722	0.13342711	0.0110010505	-0.06689627	0.4663826	7.1654634	-0.2	2.3686152	0.5480512	3.5876937	0.7203834	0.2865083	-0.062927246	0.39731386	-0.13889241	-0.019530017	-0.011495957	58.0	1.198339	0.012750151	608000	1341.0736265182495
76	11.721689	3.4648364	16.336834	5.734439	7.278932	6.2926455	19.325666	0.0	1000.0	4445.243	0.007216303837763799	1.260687	0.6349775	2.408101	-0.8277947	0.39155447	0.6915973	7.5560603	-0.17867675	-0.0024209954	-0.020343633	0.15793261	-0.0041466355	-0.07688653	0.5191897	6.5560603	-0.2	2.6372714	0.5781029	3.9221132	0.783522	0.22879244	-0.04959178	1.4687455	-0.37030947	-0.0024209907	-0.021693777	15.0	1.1973873	0.0129927695	616000	1358.2888324260712
77	11.446922	4.217434	15.623946	3.35313	5.2323513	3.897022	11.868548	0.0	1000.0	4487.102	0.0071908686711237985	1.2308915	0.6570498	2.429507	-0.67664844	0.63826776	0.5593628	8.441139	0.14385176	0.006114927	-0.022322822	0.19284801	-0.01731284	-0.08548708	0.46390408	7.441139	-0.2	2.5709805	0.5839974	3.750085	0.755906	0.26794726	-0.053493917	0.52851456	-0.082790434	0.0061149434	-0.014124649	43.0	1.1934203	0.0113354605	624000	1376.0933146476746
78	12.88263	2.5983312	18.104368	9.595934	8.756082	8.481257	27.551828	0.38874143	1000.0	4557.1504	0.007210680997824367	1.285775	0.5741544	2.3723211	-1.0671853	0.79642874	1.0433792	12.54114	-0.031737648	-0.01585069	-0.0060573854	-0.37288678	0.0012021363	0.12205736	0.89455795	11.54114	-0.2	2.3858469	0.54313654	3.5894954	0.6591759	0.25915012	-0.060593084	1.3241309	-0.3326099	-0.015850674	-0.0031800885	2.0	1.1696148	0.0033579587	632000	1392.5186836719513
79	11.615646	3.3678226	16.727629	6.261221	3.786243	5.001875	16.28951	0.0	1000.0	4587.4404	0.0071678756713867186	1.2133511	0.55327994	2.10196	-0.9930898	0.8472219	0.7705054	5.520581	-0.08118168	0.0010473314	-0.0048804455	-0.2549447	0.00063943863	0.095159836	0.6174514	4.520581	-0.2	2.363832	0.5608552	3.739219	0.67173123	0.22014624	-0.06438576	0.7392814	-0.40711063	0.0010473471	-0.006800818	1.0	1.1695126	0.0143420175	640000	1409.489105939865
80	8.792999	4.092351	13.973907	0.50060284	5.4041224	4.053276	14.253737	1.1349177	1000.0	4630.6733	0.007146100833092207	1.0491657	0.6180859	2.1285424	-1.0076529	0.41235107	0.49809268	4.7286334	-0.07982845	0.00736106	-0.020351417	0.2594366	-0.054373533	-0.117622055	0.33394396	3.7286334	-0.2	2.3534062	0.5486433	3.6728113	0.65102375	0.25060877	-0.06833176	0.43409562	-0.08510831	0.007361066	-0.00683147	79.0	1.1694683	0.00941546	648000	1427.9445261955261
81	14.372353	3.4459467	18.269985	7.575248	7.779651	5.244501	15.394318	0.0	1000.0	4692.9106	0.007153827202029344	1.1670843	0.53402054	2.1637273	-1.1138889	0.66053873	0.7251875	6.506382	-0.042595528	-0.010040205	-0.022290714	-0.034682315	-0.0025043301	-0.004682389	0.5792356	5.506382	-0.2	1.9065249	0.49696186	3.0905552	0.48860985	0.27311805	-0.10665998	0.81046975	-0.13648361	-0.010040213	-0.013223073	53.0	1.1503353	0.012177229	656000	1445.8998765945435
82	9.697786	3.65002	13.766516	2.8367085	6.1089106	4.285962	13.167347	0.0	1000.0	4741.782	0.007141238293015813	1.1971622	0.6493633	2.3286808	-0.9966413	0.65052295	0.6816459	6.0864053	0.021596707	0.0024095976	-0.02244986	0.008598394	-0.0014423155	-0.0207391	0.5349189	5.0864053	-0.2	1.7284847	0.44052234	2.9035294	0.43941715	0.23414469	-0.06232044	0.45956	-0.1069231	0.0024095848	-0.014493188	37.0	1.1256142	0.012790729	664000	1463.4783635139465
83	10.703146	5.837816	18.42965	-1.6295612	8.198355	10.004298	31.624239	0.0	1000.0	4807.3687	0.007153822399321057	1.0667986	0.6448152	2.0809088	-1.0259941	0.72409266	1.096594	9.75589	0.053319268	0.003026172	-0.015759777	-0.19719833	-0.003571257	0.05451384	0.9952013	8.75589	-0.2	1.7343813	0.4564136	2.930516	0.40844265	0.22294614	-0.045365974	1.5704526	-0.34194064	0.0030261735	-0.011864658	19.0	1.1228116	0.0131354695	672000	1480.7620570659637
84	12.138504	5.0711784	18.318018	2.6804533	7.5993204	6.5636725	22.061102	1.9875618	1000.0	4868.1636	0.007159064079733456	1.1710048	0.6331298	2.0845842	-0.92048216	1.0206332	1.3191642	15.01355	0.039735764	-0.025616908	-0.009551512	-0.61714345	-0.0033732653	0.28063604	1.1987139	14.01355	-0.2	1.763781	0.47219336	2.9920914	0.3979063	0.24451071	-0.039997578	0.92513305	-0.31348568	-0.025616908	-0.007450735	2.0	1.1115129	0.0053402516	680000	1497.7155706882477
85	13.56394	2.081235	16.50499	9.894894	4.0114	2.675107	9.396523	0.18111539	1000.0	4900.2544	0.0071224627827489095	1.3484758	0.6287552	2.181221	-1.1296262	0.65758014	0.6920424	6.018996	-0.22742352	-0.0064993515	-0.021619942	-0.028752146	-0.0020465702	-0.010119036	0.5393323	5.018996	-0.2	1.77466	0.48572922	2.9483159	0.41479078	0.24433786	-0.07945563	0.74413097	-0.1945321	-0.006499359	-0.014963625	28.0	1.1094627	0.0131474845	688000	1515.176239490509
86	11.082293	4.880139	19.054476	4.2612934	8.534506	2.5620975	13.105674	4.2435393	1000.0	4968.531	0.007138693623159124	1.321918	0.53627235	2.1171775	-0.44143748	0.63889086	0.80938923	7.6104755	-0.24519095	-0.0015334568	-0.023449648	-0.1077636	-0.0054995045	0.02320366	0.6349603	6.6104755	-0.2	1.829294	0.4759994	3.1482525	0.4175139	0.24445462	-0.09730497	0.79105556	-0.14904654	-0.0015334404	-0.015188399	44.0	1.0887153	0.012358896	696000	1532.9158849716187
87	12.844467	2.869207	19.037672	9.182328	8.114176	7.7184515	20.312113	0.0	1000.0	5033.444	0.007149778192693537	1.25815	0.61618906	2.3695488	-0.9290597	0.79563636	0.6703352	5.2137094	-0.049301475	0.0075869164	-0.0043115076	-0.12730144	-0.00045749545	0.03447958	0.5340539	4.2137094	-0.2	1.9049785	0.5355733	3.1498718	0.41187087	0.22487937	-0.064665765	1.3684348	-0.41636497	0.0075869407	-0.0027424963	2.0	1.0448575	0.0069225472	704000	1549.835003376007
88	14.077788	3.19552	20.134607	8.870969	6.804162	4.001841	14.226757	1.5659654	1000.0	5087.8774	0.007145895282873947	1.3930688	0.46020356	2.123059	-0.71199095	0.7417926	0.86309564	10.070376	0.023106337	-0.0066220756	-0.018745016	-0.15383458	-0.0048265755	0.04454205	0.73470515	9.070376	-0.2	1.898714	0.512517	3.0527012	0.41045672	0.18515012	-0.041322663	0.7102683	-0.14546645	-0.00662207	-0.014632227	19.0	1.0432675	0.012912449	712000	1567.0761127471924
89	10.784046	4.882513	17.551739	1.764199	6.658749	5.9240923	18.56799	0.0	1000.0	5141.1475	0.0071404825846354165	1.3272636	0.56102055	2.207052	-0.45123407	0.6790497	0.8246116	7.412921	-0.09586324	-0.0028003978	-0.023338929	-0.12191285	-0.007147357	0.029353054	0.6744222	6.412921	-0.2	1.9283288	0.5080311	3.167645	0.40985444	0.32110214	-0.13011566	0.759789	-0.15827471	-0.0028004036	-0.014937749	33.0	1.040698	0.012419007	720000	1584.5005192756653
90	13.049618	1.9885999	14.453844	8.006265	8.816894	2.5053227	12.925899	5.394753	1000.0	5211.6826	0.007158904693938874	1.2547817	0.6084772	2.1369123	-0.70928746	0.83575195	0.9086621	7.6703606	-0.06406784	-0.00012637461	-0.02017125	-0.33671656	-0.026385248	0.12171434	0.7563369	6.6703606	-0.2	2.091165	0.55118847	3.2983325	0.43690193	0.22655524	-0.035884097	0.71696657	-0.13402086	-0.00012637174	-0.01525957	28.0	1.0331192	0.0125629725	728000	1601.2906992435455
91	11.520502	4.083776	16.87371	4.997832	5.080496	4.389734	12.864245	0.40357462	1000.0	5252.3267	0.007136313396951427	1.2449872	0.59569764	2.0795867	-0.74129444	0.7077299	0.54574424	7.9538016	0.098825686	0.0053612525	-0.023303099	0.08632631	0.0030145869	-0.056268815	0.4332678	6.9538016	-0.2	2.203027	0.56650877	3.4936779	0.45219922	0.23503765	-0.060822487	0.5850161	-0.1481505	0.005361246	-0.01709899	24.0	1.0293808	0.012320108	736000	1618.789980173111
92	15.320172	3.430223	20.231869	10.249908	8.660513	7.6161766	24.33818	0.0	1000.0	5321.6104	0.007152702085433468	1.3822905	0.48635942	2.1756911	-0.57472533	0.802482	1.0292119	8.417307	-0.29804778	0.010863234	-0.015986612	-0.36251754	-0.0032249093	0.11883906	0.8844968	7.417307	-0.2	2.341562	0.5859505	3.6891432	0.461649	0.29693896	-0.106002435	1.2697577	-0.2809962	0.01086323	-0.017684363	8.0	1.0299098	0.016123798	744000	1635.863713979721
93	14.236547	3.6423736	18.67914	6.5122533	7.5444956	5.4213595	17.925657	1.0045466	1000.0	5381.9663	0.007156870091215093	1.4863552	0.588887	2.7370844	-0.6518618	0.9435403	1.1185306	8.740085	-0.26448822	-0.036902275	-0.009746339	-0.6906345	-0.008574605	0.23655021	0.9569396	7.7400846	-0.2	2.3630297	0.6168884	3.6713223	0.4653408	0.25486755	-0.075265005	1.1017851	-0.3313645	-0.036902275	-0.012078032	5.0	1.0339608	0.0142049845	752000	1652.9038500785828
94	12.733646	4.4989204	17.87355	3.0155075	6.89109	5.4406567	15.892464	0.0	1000.0	5437.095	0.007154072651110197	1.4005132	0.6706057	2.6960702	-0.73820555	0.7003801	0.81917495	10.899218	-0.13899595	-0.011794339	-0.019766014	-0.088468306	-0.00282076	0.00878921	0.70048016	9.899218	-0.2	2.2907524	0.5897789	3.6835372	0.43727893	0.20828357	-0.05138907	0.9429179	-0.3513037	-0.011794346	-0.017627303	19.0	1.0365809	0.014207815	760000	1670.0988309383392
95	12.738232	1.8403795	15.213893	9.471678	7.741268	3.01913	12.938149	1.1024168	1000.0	5499.0254	0.007160189310709635	1.3255348	0.58498144	2.4264305	-0.8450563	0.7759713	0.9125017	6.550093	-0.34920165	0.0030252142	-0.006997454	-0.32572016	-0.0015464723	0.12123306	0.7227069	5.550093	-0.2	2.4405587	0.62767124	3.775641	0.49157107	0.13828085	-0.034823194	0.65989137	-0.19411153	0.0030252114	-0.008922467	2.0	1.0398438	0.009922798	768000	1687.164529800415
96	13.842299	2.2036004	17.710426	11.72362	10.303983	11.099384	29.128029	0.2580845	1000.0	5581.457	0.007192599267074743	1.3366379	0.454284	2.2759373	-0.6504099	0.7558052	0.67927307	5.5610037	-0.049972318	0.043962233	-0.01122272	-0.093306	-0.0009801835	0.014236614	0.55063164	4.5610037	-0.2	2.4849536	0.64985704	3.9836104	0.4753584	0.20734665	-0.049450755	2.1749585	-1.319734	0.04396225	-0.011193596	6.0	1.0401084	0.010438209	776000	1704.3623716831207
97	15.290842	1.5977856	17.57287	12.565226	8.935806	5.278682	17.010605	0.0	1000.0	5652.944	0.0072103875607860335	1.4533002	0.4925941	2.281616	-0.63411754	1.005344	1.351474	8.201581	0.013501488	-0.03910954	-0.004841402	-0.98056066	-0.0058739185	0.31348723	1.2032492	7.201581	-0.2	2.4661222	0.64610714	3.881306	0.5176915	0.16452079	-0.0544718	1.1178896	-0.39613128	-0.03910955	-0.010293461	2.0	1.0390403	0.016706305	784000	1721.6834542751312
98	12.067574	5.694476	17.977942	-0.766992	6.830752	5.9320946	19.203362	0.0	1000.0	5707.59	0.007206552833017677	1.4007928	0.57706344	2.3513408	-0.71422994	0.7787005	0.72420084	7.017273	0.11874488	0.0044349674	-0.0011599949	-0.12700902	-0.00064598024	0.029013498	0.61198545	6.017273	-0.2	2.5302432	0.61812925	3.8922958	0.5456834	0.18800113	-0.08787782	0.47925195	-0.0898228	0.0044349656	-0.0041979942	2.0	1.0377516	0.014120278	792000	1738.7146382331848
99	13.865572	2.327448	18.026712	9.717319	9.131121	6.678696	20.036453	0.781081	1000.0	5780.6387	0.00722579833984375	1.4469688	0.53671414	2.6669984	-0.4065343	0.81189126	1.0426991	9.180852	-0.044465184	-0.00088258594	-0.013633672	-0.46100956	-0.012583375	0.1309014	0.9046925	8.180852	-0.2	2.5130224	0.6307668	3.8566697	0.5215012	0.17546827	-0.054080024	1.0907209	-0.20282245	-0.0008825831	-0.01811173	9.0	1.0369847	0.0144419335	800000	1755.8237240314484
100	13.439315	3.7640486	16.971659	4.8495917	7.1808963	4.765638	14.3383665	0.9430198	1000.0	5838.086	0.0072253538830445545	1.3973093	0.5677722	2.5520148	-0.8238988	0.7187911	0.66362965	6.307674	-0.051874794	-0.0067778183	-0.021842994	-0.050095174	-0.0016110279	-0.002913521	0.52975273	5.307674	-0.2	2.5567732	0.6432297	3.8651078	0.5690522	0.18572895	-0.048313648	1.2220249	-0.24896455	-0.0067777964	-0.01722638	23.0	1.0330641	0.011171488	808000	1773.6405243873596
101	13.914665	2.517455	18.115074	10.317955	7.994053	4.0746956	13.206909	0.00044421773	1000.0	5902.038	0.007232889811197916	1.4944369	0.57102764	2.641784	-0.5993641	0.84115505	0.8927905	7.9591236	-0.09086631	-0.012929079	-0.023619775	-0.36868098	-0.008748323	0.09494317	0.7760157	6.9591236	-0.2	2.6538985	0.6915397	4.1728964	0.55646634	0.13919857	-0.04121203	0.63190496	-0.118154705	-0.012929074	-0.025839321	14.0	1.0276542	0.013140439	816000	1791.077895641327
102	15.107934	1.7184118	17.635603	13.004056	10.620197	4.587084	16.242506	3.416027	1000.0	5987.0	0.007265776699029126	1.5605342	0.4939431	2.6162498	-0.3717694	0.85976356	0.9561331	8.644846	-0.02268564	-0.009904704	-0.0053197453	-0.4618914	-0.0025827289	0.11312337	0.8457086	7.644846	-0.2	2.7174137	0.68640584	4.3124304	0.58565825	0.13553989	-0.021466598	1.425481	-0.25015533	-0.009904703	-0.0037170518	2.0	1.0299412	0.005240211	824000	1807.9047021865845
103	16.108732	3.0654545	20.788345	11.034622	5.0901504	3.5080397	10.495206	0.2990464	1000.0	6027.721	0.007244857201209435	1.5678252	0.49812362	2.7337558	-0.37087604	0.88248026	0.5598345	4.967982	-0.15492189	0.013676127	-0.009411151	-0.073100634	-0.0011636764	0.0049054567	0.49637666	3.9679818	-0.2	2.7433848	0.71268195	4.1755753	0.5745458	0.2163544	-0.0483125	0.5510952	-0.21827585	0.013676139	-0.008149437	9.0	1.0304353	0.009895062	832000	1825.1702115535736
104	15.830715	1.5906236	19.255194	13.895667	7.1113973	4.469988	14.050895	0.0	1000.0	6084.6123	0.0072435860770089285	1.6574917	0.50435627	2.5776565	-0.44078076	0.5494393	0.71880114	8.479142	-0.11514952	-0.0031732027	-0.021378303	0.072881475	-0.0013244301	-0.054196052	0.58904827	7.479142	-0.2	2.8158243	0.7122414	4.3290787	0.561192	0.17403106	-0.037221655	0.7133496	-0.09772128	-0.0031731958	-0.018416096	21.0	1.0300035	0.013621706	840000	1842.5880408287048
105	14.103682	2.799725	18.355476	10.759202	7.728893	4.7447004	15.744973	0.8268533	1000.0	6146.4434	0.007248164338885613	1.5139155	0.5762266	2.5952659	-0.32803783	0.77713645	0.8565674	7.4134855	-0.17587705	-0.00020233892	-0.01870963	-0.2985705	-0.0035958886	0.06320327	0.7300631	6.4134855	-0.2	2.810188	0.7224935	4.3473716	0.5780409	0.24322604	-0.057926714	0.6254016	-0.121505976	-0.00020233869	-0.016827721	16.0	1.0214396	0.01311615	848000	1859.948166847229
106	14.540695	1.8419834	17.183485	11.458069	11.267973	7.1948605	22.34378	2.3721604	1000.0	6236.5874	0.0072857329466632596	1.495833	0.5106488	2.4920807	-0.40107208	0.8059782	0.9979043	8.199991	-0.19874197	0.00037822468	-0.01997939	-0.49779668	-0.013397545	0.123007685	0.8531614	7.199991	-0.2	2.878296	0.7408434	4.3398595	0.5755071	0.1707966	-0.0401714	1.287387	-0.30140215	0.0003782258	-0.021464247	15.0	1.0176566	0.011779093	856000	1877.3639237880707
107	13.128206	1.6721753	15.211541	9.567927	7.0106673	6.9618998	24.525356	0.46216336	1000.0	6292.6724	0.007283185605649595	1.4696174	0.5110027	2.4809396	-0.24620447	0.9540703	0.90437835	8.444243	-0.42586064	0.009170031	-0.017098423	-0.59580064	-0.01169008	0.14992611	0.79561794	7.4442434	-0.2	2.9197085	0.75321543	4.734009	0.6303741	0.19510494	-0.050863057	0.81784314	-0.22561938	0.009170026	-0.018411878	7.0	1.0153427	0.0154196145	864000	1894.7371463775635
108	13.327431	3.3088574	17.980227	6.3072844	4.7053633	5.076243	15.8080015	0.0	1000.0	6330.3154	0.00725953604321961	1.390222	0.5886807	2.2305732	-0.6639048	0.6597167	0.90860033	10.070148	-0.11681246	-0.009566066	-0.006913065	-0.13275345	-0.0013006926	0.0050594197	0.7915982	9.070148	-0.2	2.9567485	0.7568484	4.5031366	0.5748985	0.15196837	-0.035706364	0.6755524	-0.19230717	-0.009566074	-0.008004757	3.0	1.0151186	0.008690188	872000	1911.9068660736084
109	13.687246	2.2501442	16.22231	9.546672	11.313883	3.5155652	14.963457	3.1128232	1000.0	6420.8267	0.007296393931995738	1.3529319	0.5899977	2.3640718	-0.5656002	0.67762864	1.028682	7.0829453	-0.17210428	0.017607963	-0.0046391934	-0.50843984	-0.0031333566	0.1208687	0.81826645	6.0829453	-0.2	2.987444	0.78364074	4.531477	0.5943081	0.1832336	-0.037897706	1.2690861	-0.50226885	0.01760795	-0.007957685	2.0	1.016053	0.010856854	880000	1929.2820048332214
110	15.258104	2.2248173	20.166298	13.217956	5.411403	2.7271976	10.348558	2.3020039	1000.0	6464.1177	0.007279411797050957	1.588518	0.5020318	2.5852172	-1.1082754	0.92704725	0.7873324	5.856014	0.13900134	-0.047523998	-0.0048547536	-0.5066283	-0.0031193495	0.118791945	0.680245	4.856014	-0.2	3.0376277	0.7770018	4.6206503	0.63031334	0.19607699	-0.042695165	0.6212283	-0.251964	-0.047523983	-0.005095307	2.0	1.0163102	0.018586889	888000	1946.3231549263
111	15.451439	2.6747155	18.955313	9.571542	6.424531	5.380545	13.996943	1.0488148	1000.0	6515.514	0.007271779196602958	1.4814273	0.53607947	2.5608304	-0.56954414	0.56544274	0.77703494	7.2538533	-0.15564945	0.014512362	-0.008565793	-0.031547748	-0.0003511496	-0.01735508	0.6217283	6.2538533	-0.2	3.0121012	0.80778056	4.571256	0.7077037	0.16686337	-0.047858045	0.58513695	-0.16377828	0.014512375	-0.008558384	7.0	1.0167649	0.010739973	896000	1963.7576446533203
112	14.265711	2.1983104	19.38582	11.873344	3.3082194	2.188694	6.031099	0.0	1000.0	6541.9795	0.007236702978083518	1.5384947	0.5109203	2.6218832	-0.5171329	0.75662124	0.68249905	4.724346	-0.13921906	-0.019533511	-0.0024092756	-0.14686847	-0.0006150156	0.025994243	0.53378206	3.7243462	-0.2	3.09798	0.7936261	4.578023	0.64561236	0.1419114	-0.03507156	0.45679462	-0.27860546	-0.019533478	-0.0011226367	2.0	1.0168458	0.0014115467	904000	1981.3056938648224
113	14.527618	2.42931	18.55875	11.220253	7.3803635	5.338464	14.514539	0.0	1000.0	6601.0225	0.007237963224712171	1.5064547	0.4730197	2.5856829	-0.2117682	0.4142566	0.57161456	5.015929	-0.16579877	0.01410718	-0.005925336	0.2645757	0.0013026595	-0.09644693	0.4095851	4.015929	-0.2	3.1223314	0.7868784	4.783092	0.69972825	0.13120532	-0.022801377	0.5900095	-0.1842373	0.014107174	-0.0025482904	4.0	1.0163162	0.004904648	912000	1998.1816425323486
114	13.127895	1.8848592	15.2892685	9.027522	5.461672	4.3421016	12.007988	0.18929371	1000.0	6644.716	0.007222517195991848	1.450023	0.54694605	2.5032704	-0.6498055	0.699104	0.80428946	7.0640635	0.016313568	-0.005404331	-0.017351253	-0.1640369	-0.0023315698	0.028311558	0.6602407	6.0640635	-0.2	3.1332595	0.77040726	4.6888013	0.68509287	0.16670264	-0.03487748	0.43850794	-0.088804334	-0.0054043345	-0.018269291	14.0	1.014825	0.01624412	920000	2015.151795387268
115	16.155266	2.417004	19.92917	11.940358	6.860278	4.42948	14.935066	1.6332209	1000.0	6699.598	0.007219394552296606	1.490448	0.4965753	2.2868364	-1.0578773	0.6137157	0.8004991	6.2056904	-0.15566096	-0.011898318	-0.0076141898	-0.12911963	-0.00043170154	0.0010878373	0.64827603	5.2056904	-0.2	3.1678188	0.81223047	4.8234735	0.61971164	0.20914018	-0.06662056	0.6363546	-0.12117028	-0.011898301	-0.010889961	2.0	1.0060024	0.014801857	928000	2032.1414148807526
116	14.577616	2.193345	18.958162	11.921469	3.8378294	3.233955	11.422557	0.44891632	1000.0	6730.301	0.0071904922876602564	1.6169599	0.5163858	2.7363648	-0.38078317	0.5748159	0.52383715	4.9015346	-0.058530092	-0.004889435	-0.02331432	0.23873296	-0.01393038	-0.09080483	0.39168024	3.9015346	-0.2	3.1838086	0.8236867	4.649721	0.65282345	0.16294728	-0.0304081	0.33922878	-0.08210054	-0.0048894305	-0.014780011	40.0	1.0043408	0.012376983	936000	2050.0081663131714
117	13.174711	2.7206614	16.585552	7.571944	5.843042	6.445535	15.259556	0.0	1000.0	6777.0454	0.007179073527707892	1.4768776	0.5867123	2.52044	-0.51034623	0.45543507	0.6519558	9.319067	-0.1838248	0.0146388495	-0.016503084	0.20713112	-0.010774463	-0.08738861	0.5225947	8.319067	-0.2	3.0331216	0.8123272	4.7143884	0.547833	0.25149995	-0.092639014	0.5835249	-0.14071408	0.014638863	-0.012989802	17.0	0.99646366	0.012349323	944000	2067.185646057129
118	14.196489	2.4533768	17.103859	10.685113	8.582721	6.8197374	24.729752	1.8788157	1000.0	6845.707	0.007190868730304622	1.418187	0.56803983	2.3568666	-0.7192593	0.7049825	0.87471277	6.2647996	-0.56729805	0.028160475	-0.008706506	-0.2935766	0.0007379651	0.059109397	0.69968086	5.2647996	-0.2	2.963707	0.8083364	4.683399	0.55215514	0.25403586	-0.086340085	1.3960919	-0.45531863	0.028160471	-0.0112215	2.0	0.9861477	0.0077145225	952000	2084.5293996334076
119	15.130018	2.5167735	17.964184	10.620852	4.820199	4.891519	14.010533	0.0	1000.0	6884.2686	0.007171113077799479	1.520273	0.5520462	2.4434125	-0.7508391	0.7417825	0.75524557	7.457252	0.018035434	0.0021025494	-0.016404478	-0.15948495	-0.00018747151	0.021455085	0.6287985	6.457252	-0.2	2.8606186	0.7740071	4.679119	0.55518436	0.21818803	-0.04544507	0.6025675	-0.12053898	0.002102554	-0.015091535	18.0	0.9845713	0.012156541	960000	2102.2512605190277
120	15.193518	3.632038	22.751915	10.531854	7.7869587	3.4682057	12.540008	1.6124858	1000.0	6946.564	0.007176202443020403	1.5424446	0.5281937	2.5762362	-0.70615476	0.6448277	0.8063436	8.623238	0.0392496	0.002483329	-0.018259624	-0.12562893	-0.001602903	0.006058771	0.6631654	7.6232376	-0.2	2.813478	0.7878951	4.418068	0.53212297	0.19700809	-0.05962032	0.6067502	-0.1475724	0.0024833202	-0.016525915	17.0	0.9778661	0.01266757	968000	2119.6826424598694
121	16.876122	2.2988887	19.910423	12.399334	5.237027	5.019981	14.813962	0.02698206	1000.0	6988.4604	0.007160307837314293	1.7560694	0.59920245	3.2387414	-0.61003953	0.6555284	0.70118076	6.822708	-0.0034373552	-0.022159511	-0.0046553575	-0.070938274	-0.0002816543	-0.011108658	0.5654021	5.822708	-0.2	2.8083813	0.75692225	4.461169	0.5661762	0.31108782	-0.06575532	0.58545315	-0.13930771	-0.022159519	-0.004493708	2.0	0.9724549	0.011941812	976000	2136.9585552215576
122	15.093956	2.1126382	19.685677	11.911438	7.061389	6.8710666	20.351267	0.0	1000.0	7044.9517	0.007159503719670985	1.7017314	0.62573457	2.8368368	-0.6305397	0.6478896	0.84252566	6.0834813	-0.21089923	-0.008190877	-0.029282827	-0.27442485	-0.0034672022	0.040819887	0.68055713	5.0834813	-0.2	2.812287	0.77750874	4.654541	0.5276228	0.20775385	-0.08496791	0.8081327	-0.15561467	-0.00819087	-0.024924275	16.0	0.97121376	0.012554627	984000	2154.2473492622375
123	15.820698	1.4290724	17.650885	14.104115	3.223548	2.181988	6.165091	0.18996662	1000.0	7070.7397	0.0071277618408203125	1.6055983	0.45450595	2.4404197	-0.54384905	0.6448181	0.64937305	7.427711	-0.48081213	-0.009083696	-0.012291377	0.004774534	-0.0008052406	-0.031097766	0.5064444	6.427711	-0.2	2.9018154	0.80040306	4.580645	0.59208363	0.1402486	-0.033390358	0.47164997	-0.13624185	-0.009083702	-0.012277038	9.0	0.9714868	0.011644617	992000	2171.6887168884277
124	15.878695	2.279624	20.085863	12.739403	9.366695	6.191722	23.397095	3.4333217	1000.0	7145.6733	0.00714567333984375	1.6398325	0.4677208	2.6259756	-0.43477356	0.55529433	0.7951051	9.284076	-0.051714584	0.01931593	-0.008582598	-0.033542175	-0.00072405115	-0.028721575	0.65622497	8.284076	-0.2	2.8623466	0.8197457	4.632831	0.52047807	0.15457302	-0.03356929	1.1608837	-0.39269006	0.019315954	-0.011470255	3.0	0.9685171	0.010661387	1000000	2188.803087949753
125	15.189205	1.5865113	18.633688	13.341087	15.587713	10.963043	35.774097	0.8215175	1000.0	7270.375	0.0072126736111111115	1.5506934	0.5085174	2.5807977	-0.53532666	0.8380605	1.0182084	8.937626	-0.122036636	0.08824073	-0.009803839	-0.5115966	-0.0021084547	0.11339482	0.9070269	7.937626	-0.2	2.8919013	0.7936755	4.680143	0.48013234	0.22412236	-0.044838518	2.5848398	-1.072448	0.08824072	-0.013668157	4.0	0.96546245	0.013089638	1008000	2205.254978656769
126	15.855242	2.4507313	19.247753	10.868491	9.035159	4.0965915	16.810913	3.9955246	1000.0	7342.6562	0.007227023868110236	1.6442419	0.55409276	2.6657445	-0.9316317	1.4382497	1.2298898	8.039357	-0.047076464	-0.06840342	-0.007269047	-1.9304626	-0.012871623	0.5696205	1.1274909	7.039357	-0.2	2.9247932	0.8186496	4.6277986	0.5084545	0.16864112	-0.032023653	1.3350041	-0.5981862	-0.068403415	-0.011753127	2.0	0.96334285	0.016903799	1016000	2222.264852285385
127	16.453758	2.3734756	20.393635	13.087364	6.92766	4.180003	15.26362	2.5557108	1000.0	7398.0776	0.007224685192108155	1.6321217	0.4561548	2.475885	-0.5066589	0.90938306	0.87273645	9.189004	0.05171231	-0.018191013	-0.008482739	-0.4431083	-0.009697735	0.116895445	0.7676222	8.189004	-0.2	2.9027925	0.81764144	4.635603	0.5551735	0.20025821	-0.050034553	0.6369405	-0.102402985	-0.018191021	-0.009128749	7.0	0.9626533	0.0134058315	1024000	2239.4453403949738
128	16.656736	1.1598378	18.2712	15.008107	7.440182	4.2653575	13.936349	0.42783874	1000.0	7457.599	0.007226355737493944	1.7213615	0.5147313	2.5402827	-0.46624285	0.90225023	0.7672346	6.301504	0.13745137	-0.0020318246	-0.0058622994	-0.4255553	-0.003122002	0.105128996	0.6535416	5.301504	-0.2	2.9510503	0.84049404	4.637304	0.55997217	0.08628682	-0.022898167	0.531084	-0.10880038	-0.0020318313	-0.0060223136	2.0	0.9605346	0.006477754	1032000	2256.836719274521
129	16.808603	1.8407781	19.32449	14.036237	5.6067514	3.9780993	10.980996	0.0	1000.0	7502.453	0.007213897235576923	1.7705961	0.5248292	2.6601686	-0.257868	0.61461866	0.7797951	8.376813	0.07524641	-0.007269068	-0.011376558	-0.026388042	0.0006278679	-0.02678793	0.66126263	7.376813	-0.2	2.9257183	0.82485235	4.708385	0.59559786	0.22340332	-0.064021826	0.5917192	-0.079363525	-0.0072690644	-0.013130849	7.0	0.9597524	0.010637689	1040000	2274.0481090545654
130	16.087078	1.6863849	17.823986	12.26542	2.6970243	2.0596132	5.4974914	0.0	1000.0	7524.0293	0.007179417268010496	1.7207869	0.53613544	2.7823415	-0.16843438	0.5406331	0.47317114	4.2108703	-0.061293393	-0.008761932	-0.0030709952	0.27779335	0.0010234714	-0.10282585	0.3179437	3.2108703	-0.2	3.0195756	0.8362197	4.7601094	0.59096444	0.18317465	-0.03651218	0.3035254	-0.11801389	-0.008761926	-0.0022833403	2.0	0.95795614	0.004371895	1048000	2291.242199420929
131	14.978828	2.1654646	18.183699	11.759085	8.348965	5.779354	19.81688	1.3292357	1000.0	7590.8213	0.00718827773585464	1.6213973	0.54398954	2.891002	-0.58237076	0.47662285	0.71290976	8.222815	-0.21515036	0.033016067	-0.0106248725	0.15962803	0.00062960386	-0.074517295	0.58460397	7.2228146	-0.2	3.0324564	0.839788	4.869665	0.5697605	0.18242499	-0.058779635	0.8693534	-0.282398	0.033016063	-0.014443288	7.0	0.95724076	0.015569294	1056000	2308.3990795612335
132	13.138756	2.4698317	16.422369	9.085317	9.923316	6.819025	20.93839	0.0	1000.0	7670.2075	0.007208841653694784	1.4846406	0.55501515	2.4266963	-0.23422365	0.84193957	0.8623653	6.362995	-0.03805513	-0.001853974	-0.0104280785	-0.5349596	-0.0026889443	0.12920944	0.6970319	5.362995	-0.2	3.112876	0.87229604	4.936279	0.5395958	0.19084768	-0.058460593	1.3111097	-0.28581393	-0.001853972	-0.011069744	4.0	0.95730597	0.010913075	1064000	2325.411880016327
133	13.827694	6.352482	20.71658	-0.97525537	6.3550735	6.8917236	18.17154	0.0	1000.0	7721.0483	0.0072024704662721544	1.4045837	0.45819315	2.0552828	-0.5962133	0.79724866	0.7956654	8.202773	0.1343097	-0.008467619	-0.0059993444	-0.15056542	-0.00093373656	0.016191764	0.7077955	7.202773	-0.2	3.0550258	0.8601588	5.0944953	0.62315583	0.3843331	-0.21644521	1.3112787	-0.29777062	-0.00846766	-0.005906485	3.0	0.9565801	0.012259375	1072000	2342.6003160476685
134	15.239618	2.5190527	18.74107	10.677535	9.690723	8.864588	24.14371	0.2745946	1000.0	7798.574	0.007220902054398148	1.5448171	0.5492993	2.4924932	-0.79711497	0.78394717	1.1101451	8.205573	-0.24353634	-0.02584887	-0.004771035	-0.6074777	-0.0020743012	0.13828216	0.95781875	7.205573	-0.2	3.1616855	0.8628892	4.9626036	0.61275953	0.20828079	-0.061345845	1.3164135	-0.24769378	-0.025848862	-0.011960462	2.0	0.95493746	0.016409902	1080000	2359.5592193603516
135	14.587925	1.5602194	17.154682	12.047953	7.177719	5.5364223	18.730152	0.7169897	1000.0	7855.9956	0.0072205841962028955	1.5029444	0.55215293	2.457338	-0.7387623	0.92019	0.9624345	7.1547813	-0.059461527	-0.019450722	-0.006241517	-0.6495863	-0.0026025176	0.14809205	0.85394	6.1547813	-0.2	3.0425725	0.8718408	4.9956617	0.5607382	0.18598047	-0.03844595	0.66006887	-0.21322706	-0.01945074	-0.00855772	2.0	0.95326966	0.0077852	1088000	2376.6750073432922
136	14.974142	3.1034114	20.518232	9.753062	4.46712	4.0822124	10.865562	0.0	1000.0	7891.733	0.007200486231894389	1.5607674	0.5825279	2.6693568	-0.84110826	0.6135474	0.61401343	5.621219	0.13204399	-0.0117680915	-0.014104279	0.12473964	0.0005449429	-0.06499919	0.50329643	4.621219	-0.2	3.091337	0.8618948	4.839547	0.6070103	0.22122236	-0.06424451	0.26338562	-0.057317853	-0.0117680915	-0.016401038	13.0	0.9513037	0.013415663	1096000	2393.887035369873
137	17.485224	1.6240208	21.177723	15.056496	6.665722	4.2900705	14.931023	1.4092925	1000.0	7945.0586	0.007196611045063406	1.6161329	0.52310187	2.6704056	-0.6302916	0.5349188	0.6346719	7.3556128	-0.15197052	-0.000477316	-0.020423574	0.1529973	-0.0026778132	-0.070458524	0.4938983	6.3556128	-0.2	3.1401954	0.8983593	4.838026	0.57670057	0.26335043	-0.10209434	0.6219326	-0.16914332	-0.00047732412	-0.018579522	14.0	0.9484079	0.0148007795	1104000	2410.8083188533783
138	14.364811	1.1334245	16.627487	12.711775	8.17153	7.3507404	23.806353	0.0	1000.0	8010.4307	0.007203624697897932	1.7220725	0.58332527	2.8908234	-0.5950857	0.83090395	0.95917505	8.067523	0.02019681	-0.00090321025	-0.014846177	-0.57327414	-0.0015563369	0.11790419	0.8285938	7.067523	-0.2	3.072788	0.90095824	5.0100255	0.5452828	0.23817791	-0.1230652	1.0235792	-0.2199145	-0.00090322254	-0.017230326	8.0	0.9505717	0.018224422	1112000	2428.020481824875
139	13.256079	6.782831	19.007774	-2.6977134	8.681194	9.33609	31.92526	0.0	1000.0	8079.8804	0.007214178902762277	1.4507064	0.48307732	2.292578	-0.28335634	0.8125036	0.8842389	7.617469	-0.046620272	0.008453118	-0.021101464	-0.3940307	-0.0047827363	0.08712476	0.7501123	6.617469	-0.2	3.0122442	0.86348933	5.0091877	0.5566038	0.44245845	-0.25254276	1.255895	-0.33920848	0.008453131	-0.02149839	11.0	0.95083034	0.01459703	1120000	2445.5476372241974
140	15.164703	1.158649	16.591227	13.343239	7.1149626	6.1812744	20.68503	0.2039293	1000.0	8136.8	0.007213475004155585	1.4816105	0.60699964	2.8966722	-0.88833964	0.8036112	0.9882154	7.944551	-0.09257628	-0.038621027	-0.009335548	-0.4780849	-0.0015845001	0.09414572	0.8661911	6.944551	-0.2	3.1111212	0.9006476	5.089557	0.54563665	0.21446158	-0.07853837	0.9390419	-0.34008557	-0.038621023	-0.0131842755	2.0	0.9528767	0.013516788	1128000	2462.7233397960663
141	16.053009	2.8146374	20.690687	12.02291	6.6455054	6.845289	17.7842	0.0016963292	1000.0	8189.964	0.007209475235200264	1.6456261	0.5593883	2.5789177	-0.69239515	0.64151174	0.79288	5.7766757	-0.47667915	0.035704736	-0.0032698177	-0.08571715	-0.0005155578	0.00090129854	0.6470333	4.7766757	-0.2	3.0160477	0.8781029	4.919943	0.52698123	0.18043661	-0.03831446	0.5676845	-0.12140125	0.03570475	-0.0076457392	3.0	0.95322096	0.01124306	1136000	2480.0400307178497
142	14.2762165	2.0242085	17.72443	11.566545	6.425625	5.868997	16.378029	0.90060425	1000.0	8241.369	0.007203994004042832	1.491491	0.629855	2.6261294	-0.92463684	0.71098626	0.94134974	7.602597	-0.3003728	0.0076760617	-0.003762744	-0.32433766	-0.0010310113	0.059189998	0.795779	6.602597	-0.2	3.068952	0.8869603	4.9528484	0.54285765	0.3021236	-0.0723733	0.8145884	-0.16280055	0.0076760547	-0.004229018	2.0	0.9528808	0.012703904	1144000	2497.062175512314
143	15.556115	1.9995428	18.074566	12.998581	3.736579	3.764207	12.475433	0.0	1000.0	8271.262	0.007179914686414931	1.5966231	0.64987755	3.0727692	-1.0006292	0.548173	0.5363743	6.0309434	-0.56741035	-0.0054688943	-0.006296716	0.22911131	0.00041915476	-0.091160566	0.35066542	5.0309434	-0.2	3.097789	0.91112363	4.999486	0.5779264	0.17909174	-0.04554209	0.5125099	-0.17755267	-0.005468899	-0.0059837387	2.0	0.9524453	0.010183441	1152000	2514.089747905731
144	15.791549	2.1111228	18.23548	11.76844	5.323142	4.174203	14.763991	0.9046134	1000.0	8313.847	0.007167109206627155	1.665729	0.5020755	2.5993042	-0.22539209	0.57810706	0.815933	8.500794	-0.5283676	-0.0057046018	-0.016460953	-0.08169759	-0.0015484989	-0.008107227	0.66018784	7.5007944	-0.2	3.1484456	0.9170952	4.990929	0.60476065	0.1595611	-0.03091748	0.5612847	-0.115602285	-0.0057046176	-0.017108455	10.0	0.9520317	0.013091986	1160000	2531.2245659828186
145	15.478682	2.7366612	20.129143	11.344091	6.6834745	4.9612293	17.352545	1.8298615	1000.0	8367.314	0.007163796620826199	1.6397616	0.58098364	2.773207	-0.6987932	0.54627717	0.59331805	6.3689184	0.121424675	0.007017412	-0.01594935	0.17890246	-0.0023961961	-0.08161142	0.469233	5.3689184	-0.2	3.1336734	0.9135368	4.933654	0.56788003	0.1815313	-0.053525716	0.58635646	-0.0977115	0.0070173987	-0.013801618	12.0	0.94650674	0.012066823	1168000	2548.296769618988
146	16.93419	3.0060365	23.665546	12.590287	5.818659	4.56483	13.152228	0.0	1000.0	8413.864	0.007154646477731718	1.5843453	0.5080675	2.3739285	-0.906656	0.6058776	0.720791	6.8276005	0.017619118	-0.029035037	-0.011560103	0.004291173	-0.00147034	-0.033026535	0.5947973	5.8276005	-0.2	3.075385	0.91187614	5.1464233	0.57565665	0.3391186	-0.1376539	0.68049395	-0.112238705	-0.029035019	-0.013510561	8.0	0.9393036	0.013556129	1176000	2565.56494140625
147	16.424606	2.409645	20.998207	13.0223465	4.976818	3.404559	10.51768	0.29020345	1000.0	8453.679	0.007139931343697213	1.7991229	0.65936774	3.3575704	-0.56619346	0.55369407	0.72861207	7.4832	0.10033402	0.0015425188	-0.02181077	-0.03719674	-0.005581014	-0.033227656	0.58262414	6.4832	-0.2	2.9665332	0.9120506	5.1162567	0.53665507	0.27907366	-0.08447309	0.49004018	-0.109944284	0.0015425193	-0.0164325	25.0	0.9370084	0.013366999	1184000	2583.2848246097565
148	16.251167	1.8539207	18.322065	13.145508	8.093997	6.606996	19.706251	0.70054716	1000.0	8518.431	0.0071463344497168626	1.7326536	0.61982095	2.9647129	-0.5285488	0.75924057	1.0060464	7.9257574	-0.39741024	-0.0054592416	-0.018510401	-0.46631998	-0.0021736324	0.09913112	0.8636769	6.9257574	-0.2	2.9733603	0.9122258	5.121099	0.5196256	0.19886468	-0.070592284	0.75489837	-0.21543086	-0.005459224	-0.018206216	11.0	0.9404247	0.012665119	1192000	2600.492984056473
149	16.402369	3.9401357	21.122026	10.032905	7.2040496	5.124838	17.04286	1.267365	1000.0	8576.0625	0.00714671875	1.6987727	0.5823288	3.1305773	-0.86517423	0.7778261	0.791806	6.396708	-0.07568267	-0.010149706	-0.020693274	-0.26151586	-0.0033983886	0.055079628	0.651251	5.396708	-0.2	3.010532	0.92628765	5.0428085	0.51488435	0.24487504	-0.07902372	0.77622557	-0.14585632	-0.010149696	-0.022571031	12.0	0.938443	0.015658606	1200000	2617.917455434799
